1.022439154189519250e+01
1.034347403633612572e+01
1.229084775206929159e+01
1.980901443381581117e+01
6.210174227992800056e+00
5.140915442940227287e+00
3.004497827887400607e+00
5.463686877633514349e+00
2.098215764986687049e+00
-4.188125432389168346e+00
2.521499086306513426e+00
4.470567023758746039e+00
5.225596173484944984e+00
-9.058192560153497386e-01
-2.270909820479944496e+00
5.500090754954537475e-01
2.431228505488813418e+00
1.405777207638900528e+01
9.438447554866559841e+00
7.783703937877163526e+00
6.501608586651949073e-01
5.442120259617154510e+00
1.174591792558235603e+01
5.733456449821545675e+00
3.998606441828380098e-01
-1.788310715187098499e+00
4.228238669169367192e+00
1.247346399592925970e+01
2.060324545079640046e+01
2.136403346395819636e+00
5.795001231012642862e+00
1.774080669493714346e+00
-2.350415369765576301e+00
1.039469102435452097e+00
-1.380077113198215424e-02
-5.196723251092635110e+00
1.187548975263255713e+01
1.323202843987035493e+01
1.245880509101306188e+01
7.903449719820004660e+00
-1.522503524950702403e+00
8.710321055435148452e+00
1.185386017235340006e+01
1.959369425565047340e+00
8.672217131816648106e+00
1.002484096153309423e+01
3.199959189852699115e+00
9.101697075910258894e-01
8.991242230158333015e+00
-2.412599987368205245e-01
2.944697703433048375e+00
5.802690584309630140e+00
1.705938973981767504e+01
-6.812640008867888675e+00
5.609623550438209705e+00
1.204148683792143792e+00
9.629052104052084005e+00
7.166460410917439461e+00
4.052407578936180421e+00
4.369788898198417648e+00
6.916917315376447384e+00
6.683746817383008576e+00
9.072254776209586202e-01
-1.990942184158791983e+00
1.220437682332916829e+01
-2.303308920530380832e-01
7.543166049961270936e+00
4.385809461456072533e+00
1.129460949995495067e+00
3.310596996996454600e+00
1.062840494143117764e+00
7.642240999537262880e+00
-5.785298574833542595e+00
-3.315085402905880718e-01
8.496446128280110699e+00
-4.303240259039757376e+00
3.133693638220393041e+00
1.192732658950368929e+01
1.131034589444070759e+00
5.296485211059516196e+00
2.707613933579113841e+00
7.856236814537454372e+00
-5.077918997871100792e+00
8.136972218437790616e+00
1.153139612757164478e+01
-1.727491905772206460e+00
6.613804173929916708e+00
5.147313304001025713e+00
-2.436829690254636860e-01
8.205980193797268729e-01
7.786939379085085378e+00
-3.741039378382558400e+00
5.894415129282645077e-02
1.045218539876900188e+01
-9.987495304663911000e+00
8.594365528064534132e+00
5.035896381467771521e-01
4.907985557333178761e+00
-1.513447168221948358e+00
-6.361234757344866875e-01
2.094909222882787025e-01
6.304310516783189655e+00
-1.226136910656265705e-01
8.558984705735213083e+00
5.382220558376809016e+00
-8.619712311868626742e+00
-1.187338146823377905e+01
4.171765360654370092e+00
7.331709520420890414e+00
1.050558686523932117e+01
5.734381231406321389e-01
-2.626400070411546217e+00
1.561876473027485224e+00
-1.593749711389587320e+00
2.805626853938187337e-01
7.363719717022545908e+00
6.507034944679764621e+00
4.531277285615716188e+00
2.237830721224396413e+00
7.705695916451369420e+00
3.147095103251031034e+00
-4.642706937795527011e+00
-4.370900973722158800e-01
1.285180761040593422e+00
-8.424191683978113687e+00
1.648045541541570813e+01
-2.428990805562063926e+00
-2.610834752687553717e+00
6.555291806316048131e+00
-1.288216129102673468e+00
2.141107817094650922e+00
-5.063181370866043807e+00
-1.280845941650133046e-01
1.081013513571927120e+01
6.377177352920328168e+00
1.887562135295944632e+00
4.894720133366968540e+00
4.931232804921046764e+00
-1.795970429503337185e+00
8.719707506605079317e+00
-2.083309632069407336e+00
4.250601385858566061e+00
6.531973165012843197e-01
3.728195545759091178e+00
5.776613925725679444e+00
7.197089537673496018e+00
3.769125469957954611e+00
6.476034262665026908e+00
7.063551806559736690e+00
5.186640222438851922e+00
1.396504089444013985e+01
6.066067251823430873e+00
-1.133153921977971684e-01
-3.092852672643534806e+00
3.253128819315665998e-01
4.467474906913231791e+00
6.989183020999135465e+00
1.069260763915431944e+01
5.535654412545327752e-01
1.909125868704952822e+00
1.897071327295916987e+01
8.098482888639145116e+00
-1.518791917331228980e+00
-1.134466490022332152e+01
-6.108943422127190104e+00
1.802547300476336156e+00
-6.231803738203088194e+00
-4.473754680699584263e+00
2.174408786187572939e+00
2.243322045021073130e+00
-2.016000518998939839e+00
8.638424746232308493e+00
1.326693368637923420e+00
-3.010559297154638547e-01
2.136947807735465776e+00
3.299497676011572178e+00
1.620691048806715884e+00
1.034262786234159570e+01
1.042462137008680756e+01
2.331589908339392725e+00
2.326239206374386637e+00
1.785221414338890478e+00
3.905516279992229389e+00
-5.832017653935400503e+00
-1.112564414718946360e+01
-9.331062305556091507e-01
4.116987912432162666e+00
4.060527582067369190e-01
1.312534905201545321e+01
3.504645413559048794e+00
-4.083906668366918957e+00
6.713033986755804428e+00
-7.904047941275617051e-01
6.089191813420796073e+00
4.514124959702620288e+00
1.954123336434904434e+00
6.847197783395178039e-01
1.123900368033742758e+01
-7.622367948540860194e-01
8.973006675842857049e+00
5.761211540754007210e+00
8.683544112007158589e+00
-5.092776870499672981e+00
1.709302576764249793e+00
1.045989257487527802e+01
4.109322197076020977e+00
6.508841061328099364e+00
1.345336227438069265e+01
1.151984845057615736e+01
-5.460654629923991976e+00
-1.757500200105799104e+00
1.036608723991042957e+01
1.959487319024012741e+00
-4.150518942201157024e+00
-6.655641844742849145e+00
-7.126196685020754762e-01
4.054682239519301845e+00
1.140245104007004961e+01
1.199209524375047575e+00
6.996852033048085673e+00
-1.681377360405811094e+00
5.549288651899497715e+00
1.173093759337224817e+00
3.739282621978979648e+00
1.791190749778590829e+00
-3.208752711448326078e+00
3.543621759330150556e-01
3.463430019903491974e+00
-2.958509182324567277e+00
5.524241965897366491e+00
6.851798280260745777e+00
3.642624465783775856e-01
6.345418785092292957e+00
6.487835523247915681e+00
4.663164694658884279e+00
-6.869353826792901963e+00
3.215820927699680087e+00
1.348102112443882117e+00
9.942028452864263954e+00
4.712567310356156725e+00
5.975621219231391557e+00
4.788834994115025445e+00
-6.254876247420468882e-01
5.326666086113226228e+00
1.041687379525523838e+01
7.239256104900060329e-02
-3.125694482481476744e+00
1.159668571983490937e+00
5.371917031072049653e+00
1.904788952081563957e+00
2.662148286489776083e+00
5.762814704939127175e+00
8.033554663121623918e+00
-2.606069331913434706e+00
7.526748879114574464e+00
7.576222775062542603e+00
1.093344605991399909e+01
1.751310378249995381e+01
-1.490383674111893209e+00
3.643290531744424410e+00
-4.384549321123687449e+00
2.198027811407730514e+00
8.034800368007223526e+00
-4.335595529686488980e+00
4.867358763250560494e-01
-1.384780739618945544e+00
-2.172847538714258953e+00
1.828627727187068785e+00
1.030690512529464442e+01
3.328138992294528364e+00
-5.997645338717158658e+00
3.586372118590070546e+00
9.831056614710485420e+00
2.633073542273942080e-01
3.738513154826037077e+00
-8.328801902752344333e+00
3.058904451503330346e+00
6.265353723486222215e-02
-8.841355929073015929e-01
2.516936396170524670e+00
1.131848641642889675e+01
6.526916083750149866e+00
3.846431230283367420e+00
5.582705759364907649e+00
4.499075253820426501e-01
3.041611068531656414e+00
-6.503720555985160745e-01
-7.214113677353963805e-01
-7.489365378749676339e+00
1.123387213305456633e+01
4.222808902119059127e+00
3.314454315213093971e-01
4.740803821906387938e+00
2.630006262635751657e+00
3.185699069035255793e+00
6.731916974462667902e+00
2.764249488717661851e+00
1.378905719171025446e+01
3.662486102030884982e+00
8.605964101053560356e-01
-8.737041076358020852e-01
-3.299800938310308407e+00
2.234114593809081395e+00
-2.343403991150897259e+00
7.929605398175980646e+00
-7.615341858803924779e+00
7.570719785920004830e-01
1.521541738670660138e+01
-5.504188585399889533e+00
-7.555374165001818021e+00
-8.891018500747817299e+00
1.337008786970018237e+00
6.083059929613868100e+00
-3.591982967004920368e+00
7.734072620804109954e-01
2.755280855509616433e+00
1.475285055163176651e+01
5.771343297860060062e+00
3.887414310504099024e+00
-1.204804578767682521e+01
6.602774850395999096e+00
1.098438041681583321e+01
6.539858267915348300e-01
2.061920458954659363e+00
-3.320377954258802333e+00
-7.067729452583718874e+00
3.712289650928091156e+00
3.654252605294108669e+00
2.532320517744287791e+00
4.327170737563998060e+00
3.585669096735489614e+00
-5.329963075475178114e-01
-1.831821493431962988e+00
-8.917380211929632594e+00
1.214150836393869959e+01
8.799905612328759119e+00
7.862941753600330763e+00
6.611532383367816124e+00
1.157884942030687547e+01
-1.841525412254765737e+00
5.708241294354117201e+00
9.161119656271395684e+00
-2.017340737570971765e+00
5.965872035386655670e-01
2.824659027189692306e+00
-3.127726928419868102e+00
3.184730349384204739e+00
-2.149026823972370881e+00
-1.701357917814632525e+00
7.299393422105970863e-01
-3.518261460036401278e+00
2.377854057927061948e+00
1.000357547739985797e+01
5.496832318632382197e+00
-5.923241246623214273e+00
2.412939840156194560e+00
8.000561400041643623e+00
3.786711091491116399e+00
3.532342858880308523e-01
3.164958282198884643e+00
5.245835410354960260e+00
-1.768729391305545517e+00
-1.288378194226501883e+01
6.703273918802867826e+00
5.053414212077562695e+00
5.977804348097297549e+00
1.272263912362474336e+01
4.904454015974516246e+00
-1.760579194931777725e+00
6.217073231658232224e+00
1.979365358656877794e+00
1.167682614458262869e+01
1.045772931630696867e+01
9.898126616102151942e-01
8.547300508239999317e+00
1.252552984010547599e+00
2.028342306392936667e+00
2.600167670695036293e+00
3.314432026032693379e+00
8.557549198625826747e+00
-8.552879156685788686e+00
1.388951209592952196e+01
3.158374359734537951e+00
-4.218332405916691563e-01
3.834906948424587014e+00
-2.001223952970216047e+00
9.340065255556135426e+00
6.057856989980480833e+00
6.017865566671329880e+00
5.554697600582976236e+00
-1.200813431456878133e+00
-2.180109335910080048e+00
1.879378913542620566e+01
9.588338676476524824e+00
7.554410776348034595e+00
-3.958406638503575437e-01
1.239678666058558143e+00
-4.565305273510441353e+00
-4.448457717306108172e+00
2.010771871384407383e+00
1.105168200979636595e+01
7.481172960154957030e-01
4.551190960368259653e+00
-4.587951241684552484e-01
-4.363494547683533398e+00
5.383464619288304220e+00
5.193264718452418549e+00
2.559453563736568515e+00
-1.621057746488684836e+00
1.340202497471353060e-01
9.476914709531850667e-01
3.041682656769293391e+00
-2.333910970844299992e+00
4.653066181654184952e+00
5.401347497140382536e+00
4.138516588802545471e+00
1.674683621120311106e+00
7.317767132838117305e+00
4.582348108109373541e+00
3.027664053970089419e+00
7.817540734339770481e+00
-2.140914220706860327e+00
2.455663658868706634e+00
-9.933666368295340776e-01
8.445947941202799569e+00
1.882088670065984681e+00
-7.659851117618223348e+00
-1.950481108095103444e+00
5.879743608700483293e+00
1.157632009907178805e+01
-4.953343975368547980e+00
7.255122341160216592e+00
-6.098996203954418771e-01
7.979897106985299970e+00
1.583903985035436168e+00
-5.551787685671027983e-01
4.668463421509966516e+00
6.821548425702411933e+00
-4.503190659615729174e+00
-2.097321876217622005e+00
5.574273107958221729e+00
-8.999658881884951001e+00
1.879269971052593746e+00
-1.600714176499637320e+00
5.496516539468462526e+00
1.243686720021847547e+00
5.603016162416091461e+00
7.058697741039110518e-02
-1.454545738315528691e+00
8.400893713427194598e+00
1.016063955094783999e+01
7.097050111229758151e+00
1.138403615259733748e+01
-2.433760624907461700e+00
-7.629663497353937451e+00
4.455114349033704180e+00
-2.061827971333335174e+00
8.721807526514799846e+00
-1.610006483554402568e+00
1.476232186977946226e+00
6.616568099091636457e-01
-3.711414625137125167e+00
5.191130071925750045e+00
7.332085672131688270e+00
6.344341094878208409e+00
8.391987861225610246e+00
-5.502888944925867776e+00
1.203673638540303692e+01
2.609812338551569688e+00
3.222230452813656054e+00
-2.059185985137184927e-01
1.564875469803631702e+01
1.589688891614531974e+00
4.899352408288237370e+00
1.407575092075356693e+01
-5.438232417077163428e-01
7.943790050298749073e+00
6.956809558894458512e+00
4.442882405482841968e+00
2.262008350679262314e+00
2.460529296588826131e+00
4.117567909066014664e+00
9.642416852670617544e+00
7.717089341204059316e+00
9.663907087339673296e+00
6.313372769546702346e-01
-2.747380636141028898e+00
6.678282826854725407e+00
-2.625657939262714180e+00
-1.001455674921897465e+00
6.069954762902566081e+00
4.203633591351470855e+00
4.978994412412691695e+00
9.421641928321799142e+00
-4.028489138931288238e+00
-4.720017942241212516e+00
6.575946079700564439e+00
2.541473512665036960e+00
8.672466152744464196e+00
-6.549092203391246869e+00
7.995038323822473147e-02
-1.626737965214504644e+00
1.222964411448819400e+00
8.619548254253549757e+00
4.945253411738518956e+00
4.423775582783560978e+00
2.056465112282072294e+00
8.164206394994243610e+00
-3.273724161250389120e+00
-1.951383163481612559e+00
-6.037763435795704403e+00
7.652763424089320310e+00
1.105422170016210792e+00
-1.059369786863153884e+01
4.352891300363512350e+00
1.154580834747609142e-01
-2.278328539361250904e+00
5.597949295579487838e+00
-2.493208464660329748e-01
3.245968488097476623e+00
9.997045575227877734e+00
2.782405265456469046e+00
1.266887558330910046e+01
3.695272146299651173e+00
-1.495914128545361654e+00
7.983163976336557499e-02
5.575672915705131238e+00
5.795485554661956584e+00
1.693430057516812859e+00
5.032539143872996057e+00
-1.298053279264495652e+00
6.402073034052343736e+00
7.290377315373699929e+00
-4.398690439943485408e+00
2.507119200502328393e+00
-6.930524808213256449e+00
1.649145109290885314e+00
3.588161250436056271e+00
2.596710705635179472e+00
2.769402320943122220e+00
1.605857736210701825e+00
4.843892949038677287e+00
3.715145459378772497e-01
-1.174983870358651705e+00
4.822964804882413858e+00
-4.019439957828954135e+00
4.921958491172913952e+00
-7.150179236965972240e-01
-1.112979877707799492e+00
6.455780253742322561e-01
7.999505743405748159e-01
8.274841531016976504e+00
6.735259409676103148e-01
-4.439408626932965340e+00
9.819894343091203126e+00
8.398412947149116459e-01
1.206439606837397527e+01
9.626862927959776162e-01
-2.934852879088083899e+00
1.450609621568585439e+01
1.752776367295771909e+00
5.995326156918440397e+00
1.991906728384987346e+01
-3.148669231049780581e+00
2.528894323939141930e+00
-6.179405650296222463e-01
5.306126938857873121e+00
-1.103678907720772528e+01
-6.502364893546765501e+00
-4.263122104257313971e+00
-4.515673582062762925e+00
2.366551731032524142e+00
3.758272635795228744e+00
4.461721202161699651e+00
1.135830596051472519e+00
-2.657361422115946947e+00
9.140456396170154818e+00
-7.048049440568549331e-03
5.334574251086580787e+00
7.521975615304759444e+00
1.804005689787747713e+01
6.766290830683628632e-02
1.407418512114480258e+01
6.860323055749631749e+00
4.028683523270353284e+00
7.775876711381648931e+00
5.256706452636304983e-01
4.509914107436971409e-01
-6.835959895462086600e+00
3.164561263378615319e+00
5.186323767420534914e+00
8.942299515973733959e-01
-1.601753511396582841e+00
1.765727920111312743e+00
1.160432578828942951e+01
-4.034915409561866895e+00
9.006442018940731487e+00
-7.189081370196760190e+00
1.648277660124722743e+01
5.731542569498406792e+00
1.767175269000469173e+00
1.497744839422627372e+01
2.060313151164219203e+00
-4.881095241384863392e+00
3.471857370203172977e-01
3.091349109309850185e+00
6.696699917378497346e+00
-5.309173783847773720e+00
4.870512176204301547e+00
-1.728696349601184012e+00
4.278571201152888470e+00
1.075380459165110736e+01
4.148873836503911283e-01
1.108316934330433945e+01
3.411614071012334826e+00
4.843007484981075805e+00
1.612651247156967926e+01
1.158589433717000361e+01
1.752391225728400670e+00
5.452507404247270095e+00
6.910662626847344114e+00
6.407276582777761575e+00
-6.578338854756385912e-01
3.672302248625368470e+00
-3.960536177142960579e+00
5.709463278411564424e+00
1.258503861346906660e+01
1.657791866413394288e+01
1.018489864526502808e+00
-3.516993016259975402e+00
9.966382490519505311e+00
9.996737450211036491e-02
-6.355286915019783045e+00
7.645601580593876179e+00
-1.579865347327567004e+00
9.657954326025359748e-01
6.301218511770586339e+00
7.676599521909676760e+00
6.154146179856286203e+00
6.296971109441937386e+00
-6.481165291321799415e+00
7.519894308908867231e+00
-1.493162400368838405e+00
-3.783758503614433333e-01
2.075315142579018612e+00
1.636714572340473572e-01
1.295716177794096424e+01
-4.020682789744381758e+00
-1.129008020506023779e+00
1.407238739226741764e+01
2.185243445114800398e+00
5.467209705024031585e+00
3.903941619224887027e+00
-8.157083766495381028e+00
-2.651020159501085161e+00
5.177504157208568714e+00
4.739773328898603033e+00
5.777659760813413925e+00
3.037477226435326472e+00
3.520096941400255197e+00
4.184911513993894161e+00
4.697217614646692851e+00
1.688774264555488847e+00
3.458808287265553005e+00
4.602407217473947654e+00
2.407798989529819078e+00
6.429747743839630658e+00
7.006097844998727453e+00
2.495229442484204085e+00
2.844837244007043520e+00
-2.570495194048299403e+00
4.733365858093241396e-01
5.577023341902661357e+00
4.999216243963974904e+00
1.075166727889788021e+01
8.540524700324441554e+00
1.381767577417115511e+01
2.669861906136350438e+00
2.249320607430109753e+00
2.734997127552273533e+00
3.824604949855924030e+00
9.515250940207836905e+00
7.715194148548694564e+00
3.076154652434390346e+00
3.505541436958313550e+00
-4.199614054124245932e+00
-4.946697068914435169e-01
1.020425694698004193e+01
1.173240452619378038e+00
6.564098375502787519e+00
5.193381726217672245e+00
2.201446928927253133e+00
-1.129403241679967707e+01
9.625969465628189781e+00
-9.407794780709993532e+00
1.336759339032828509e+00
-9.681245108705919478e+00
3.539475775649008948e+00
1.121639379919503376e+01
-4.094245977012669790e+00
7.974577008451566584e+00
4.117773808851844741e+00
5.320764917867960797e+00
-2.029263837109723578e+00
-4.279225184343771637e+00
-2.226038395503787015e+00
-3.839213199516680608e-01
-1.756671214715670226e+00
1.235562915749140123e+00
1.102355514542214365e+01
-7.168025762104568877e+00
6.167242285753075315e+00
3.195618671295422430e+00
-6.476164949380937008e-01
4.240698793651604070e+00
9.016519891021388844e+00
4.373498834636565746e+00
1.519681616307690109e-01
7.906481865700732747e+00
7.933747749693396578e+00
1.705551861987705031e+00
6.678926163715813047e+00
-8.611765009478617117e+00
-6.796258440536013801e+00
-2.784712261803968136e+00
7.381969117464434404e+00
8.986299159950979387e+00
4.907366919494097424e+00
1.296065722756811489e+01
7.547200731730481671e+00
9.428500239088007717e+00
1.328427644937130392e+00
1.674071516025986250e+00
-1.725879683238156437e+00
-4.935285285036143499e+00
3.929522184109924599e+00
-7.386867616973471495e-01
3.432760811551981206e+00
-2.889308204463309604e+00
-4.437948262743297789e+00
-1.665049418023002437e+00
9.090008994767462269e+00
5.627221206032616330e+00
2.423073337955045370e-01
-2.970634136809410020e+00
-1.314321112847989026e+00
1.171184621111232538e+01
1.913304449300450960e+00
7.020674291717404536e+00
3.259755212045636341e+00
7.372676954532964011e+00
-1.761731903390926890e+00
3.009360847598873345e+00
7.494619539310965806e+00
-7.926159398571571479e+00
1.122493949784926492e+01
-3.839089623543821883e+00
-1.227771691341295490e+00
2.447389272042390651e+00
1.551083124373581867e+00
8.927106343383719889e+00
9.406343963013537035e+00
2.294811245226983321e+00
2.139801777010772454e+00
8.616274547439166653e+00
1.044942786100921284e+00
6.602428957209915961e-01
3.048275645118866617e+00
6.159873425200965258e+00
1.282230525571464597e+01
4.540789486010709197e+00
5.740921147207679986e+00
6.329417937295393592e+00
9.042005918049669688e+00
7.643997047207118811e+00
5.173586660042452046e+00
-2.917241569235905274e+00
7.514250313990245900e+00
7.483412758275163945e+00
3.819400305481535973e+00
9.012935353240491665e+00
1.547257016039680444e+01
4.365081486155209411e+00
2.330225587285453592e+00
2.871558113875877227e-01
-2.535787903321908399e+00
1.196980362610454840e+01
7.980333976310340915e+00
4.475104858524860951e-01
1.179749244658250484e+00
-3.592094438780021992e+00
2.889051379469706138e+00
-1.439794537135847374e+00
-1.699432581861747726e+00
1.903415234827475544e+00
-4.333645342918601706e+00
5.498087622464492341e+00
-4.604520360352931441e+00
-4.486153827402017846e+00
9.098418755303082861e+00
-6.025522533787415647e+00
-1.048709758743589404e+00
-4.451846421208206728e+00
6.895353176414196206e+00
-2.885469868713003816e+00
6.857555088281676703e+00
-2.882418343886558265e+00
-5.826428135387441642e+00
8.607966816612076855e+00
7.517470922027821523e+00
8.345513114305676439e+00
-7.206768298847656240e+00
5.065908193747345578e+00
1.385533284605950044e+01
6.311531647723880312e+00
1.241023920952901705e+01
7.159038077618206763e+00
1.252089121850052278e+00
2.858018335397967569e+00
5.827148361768135665e+00
1.414487571721097181e+00
1.211633746190721261e+01
7.407511268847684072e+00
1.093481591952165743e+01
5.376850916319737550e+00
7.366056129591838086e+00
4.661084834964875689e+00
7.777597221074043610e+00
1.133149866787347193e+00
-4.563387071386460825e+00
7.312813984732676076e+00
-4.571317816321852218e-02
8.605825136766606098e-01
8.999739073948029855e+00
-6.197577417681019440e+00
3.833812006649795379e+00
6.339026076745805927e-02
1.622328962604206026e+01
-9.795110655460712579e+00
9.716366051624380162e+00
-1.271234775695931907e+00
8.077479453090651518e+00
-2.170713680987868877e+00
2.250485843106361017e+00
6.866109165542478188e+00
-8.191788861176615200e+00
-7.733238709759556073e+00
-3.256720706793092113e+00
5.337886698061227619e+00
3.836695265575277514e+00
-8.796163057204167135e-01
8.119855730760473733e+00
4.864594843255241940e+00
5.336252354173285362e+00
4.216131710591941029e-01
5.552544448301882873e+00
-6.337192187174377267e+00
5.116878929536614606e+00
7.251852609428372176e+00
-1.173067068268945912e+00
4.765636942270115917e+00
7.171168220391418657e+00
-1.015628473834769530e+01
6.812577060875518065e+00
-3.849505867451822105e+00
1.712569549156099935e+00
6.488401966195056936e+00
-2.200983009172349458e+00
5.368384323751255849e+00
1.447854436772328590e+01
8.957143159899956686e+00
-7.212942408755496082e+00
7.866982373340272616e+00
-5.336571950620168536e+00
-7.620194018924220103e-02
-2.380710604960979193e+00
4.690872113774276819e+00
-2.175606679892116979e+00
5.249944287029042478e+00
3.858444977010387689e+00
-1.058503101656485423e+00
4.621296654028117068e+00
9.739035883387360926e+00
2.402883408247909802e+00
2.168266258540592517e+00
6.303107850847015747e+00
1.411230157449702816e+00
1.323267329106588175e+00
9.819660707358192298e+00
7.313107809419227223e+00
6.221980630777768972e+00
1.236777268053329948e+01
5.667762508603733984e+00
1.291153448067483778e+00
-5.169681878415649301e+00
2.355158061657127266e+00
4.348045347269241745e+00
-6.256118141269478850e-01
9.262270395850844551e+00
6.999400240281985042e+00
1.702509335521018130e+00
-4.073922504264095856e+00
1.209254760831173989e-02
1.647764068255717262e+01
6.496646396879163454e+00
-1.059606019952028788e+01
2.070553572588666569e+00
2.120425288282439702e+00
-1.284002769561608526e+00
1.048408914710603046e+00
-1.797257746477704643e+00
-7.787685642065137692e+00
1.222745439382973309e+00
5.098414816287586859e+00
-9.356190904998795688e-01
-5.068385252606186775e+00
1.741645513911936050e+01
-4.781537487335909553e+00
6.618244270073169844e+00
5.850201998608325127e+00
7.157564231768886565e+00
4.133271098536960508e+00
4.458715553230065076e+00
-1.025168893559986527e+00
-7.661016851683973838e-01
-6.191577721912634447e-01
3.927096818155705105e+00
6.142114811646441908e+00
-8.822397359277295292e-01
3.217155984128987178e+00
-9.030895006767130084e+00
6.944677109177100682e+00
5.085607703363029586e+00
4.234145566252936810e+00
1.048032836357494801e+01
3.690237226068139087e+00
4.258547472585714644e+00
1.928285637368158945e+00
2.594322952935782300e+00
-6.075433148367399561e+00
3.892104732677475809e+00
-2.542363170216194845e+00
1.084061608606386606e+01
9.315334115848151741e-01
-2.082791899130436164e+00
3.226920699532347392e+00
1.144884746808298992e+01
4.422406292803168881e+00
6.769754996895372301e+00
-1.129591792259576799e+01
1.335701161376187551e+00
8.227705672340180243e+00
-6.355762608384769585e+00
1.604712614292779893e+00
1.007105198403170121e+01
1.466533129908997424e+00
3.900691931456318762e-01
-9.173074910552388994e-01
-8.877809711068066489e-01
6.592715197250648140e-01
2.018393458028469922e+00
-8.958770290084693000e-02
2.319597885162881123e+00
3.547986774313155678e+00
-7.303678111636281722e-02
-3.380239659770499561e+00
1.656711692448199935e+00
1.318152014933267502e+01
3.510434957807795353e+00
3.797922422101316808e+00
5.981342703002754391e+00
4.812823342656527004e+00
-5.605388552740893537e+00
5.740057780869592285e+00
4.750097340816548552e+00
5.254700128227648648e+00
3.867396155136406222e+00
2.552919171696621525e+00
-3.445077332461008002e+00
9.141368407253931849e+00
-1.506423301274318671e+00
3.331760918511677438e+00
1.768708120741885326e+00
3.193393607635040876e+00
-3.694086669259983413e+00
3.100931757025446878e-01
3.220656161807886164e+00
2.133688074445678762e+00
2.857577977743650521e+00
-3.431785207686440131e+00
-3.582665912007871878e-01
7.847656456385533552e+00
4.899086377101772527e+00
1.065898817345600991e+00
-2.706732063822650858e+00
5.445770586878277975e-01
1.711045497379187541e+00
-2.258514078885933418e-01
-3.392634800251978167e+00
6.117541331255618164e-01
