2.476246521325384364e+01
2.648450928787899628e+01
2.382856070994840536e+01
2.485366572753008541e+01
2.120546596047688936e+01
2.309329597005837797e+01
2.293295852388181544e+01
2.573880947778323502e+01
2.283915680028027850e+01
2.031111454444976872e+01
2.232290734585353675e+01
2.368238678964578625e+01
2.501142849171283800e+01
2.379397785117690134e+01
2.292247652629989929e+01
2.137663775081446715e+01
2.297910976032980912e+01
2.652736452598110972e+01
2.362929655108835902e+01
2.251575446693901128e+01
2.078633184504908726e+01
2.325801707280975705e+01
2.568612288054167436e+01
2.165440794265817814e+01
2.090427103043808899e+01
2.116711650765171626e+01
2.314636456894517735e+01
2.506052592532767065e+01
2.543498600889403605e+01
2.346175223103168506e+01
2.437008713996175402e+01
2.318439896754154006e+01
2.229785774186770198e+01
2.270768076366242028e+01
2.402141182832356137e+01
2.100300543067531223e+01
2.409553129167073848e+01
2.322108266496401541e+01
2.410290108195805558e+01
2.356207858541281652e+01
2.094322654211889656e+01
2.382657679318450761e+01
2.422711529386949536e+01
2.452409851789489537e+01
2.437647706889496746e+01
2.285148142519501846e+01
2.454188457070817719e+01
2.224357071868759306e+01
2.504244636572138916e+01
1.978785037512565026e+01
2.283585817289062092e+01
2.363858990469628196e+01
2.358709587054704215e+01
2.103496906437800007e+01
2.052348175225339588e+01
2.177049521636727292e+01
2.253450055982638744e+01
2.560661520928580970e+01
2.372293684779591416e+01
2.205387303439903590e+01
2.516642730313255427e+01
2.251599444055389654e+01
2.286089760039625673e+01
1.997145754315811317e+01
2.486069757037370564e+01
2.025067987928800406e+01
2.486685025210204003e+01
2.221946129056102848e+01
2.133703997363643623e+01
2.120234578876260656e+01
2.143627540842870616e+01
2.388186389292776823e+01
2.087419787624975598e+01
2.177652056243284306e+01
2.385631019088423344e+01
2.087126715068513505e+01
2.206019350822190361e+01
2.513036498730807011e+01
2.296746325728535254e+01
2.295150804284899593e+01
2.468003472983214053e+01
2.351650812929684875e+01
2.011932382176973633e+01
2.466621171336182883e+01
2.378438894241919499e+01
2.207592290632120324e+01
2.223873063093997615e+01
2.235637475616795911e+01
1.932175576566830344e+01
2.165056008380914676e+01
2.341871817388792465e+01
2.160698777405099236e+01
2.272340126512396097e+01
2.386694353682571901e+01
1.946582140114664838e+01
2.329694166163169911e+01
2.245620896624316032e+01
2.339795834478590919e+01
2.177318833408505938e+01
2.197862118713712931e+01
2.083731113349954356e+01
2.506441241613476478e+01
1.932044946277003561e+01
2.507757436527657546e+01
2.055553092232807444e+01
1.747490563954961473e+01
1.902993369072756380e+01
2.438103872273316952e+01
2.055895024765381862e+01
2.548107864666107147e+01
2.390802706699680158e+01
2.367672286411034577e+01
2.149403399254819647e+01
2.078290101505753995e+01
2.179660508431764754e+01
2.410006654259048275e+01
2.349516548236283597e+01
2.331659319243985351e+01
2.251416256954353301e+01
2.526090358855302043e+01
2.422007651579246357e+01
1.956551129029768532e+01
2.142781486202802199e+01
2.158329367727152004e+01
2.213101145297638439e+01
2.780072783910099687e+01
2.140979525373500181e+01
2.244885373955013108e+01
2.550113767666241671e+01
2.132429065383645295e+01
2.211833583542615500e+01
2.099549598513418047e+01
2.058873943769783921e+01
2.300856354956256666e+01
2.390030786143245578e+01
2.297811615214544645e+01
2.309022325642438034e+01
2.058809863301999243e+01
2.215980505008132795e+01
2.339300545970783674e+01
2.299886824924661610e+01
2.183377362087898632e+01
2.204109660103530288e+01
2.031595727821509456e+01
2.183763795237953786e+01
2.163208656017175358e+01
2.293252852369487371e+01
2.190566470652129993e+01
2.388590505711325207e+01
2.267631240303801476e+01
2.601211781067758366e+01
2.312085302114454421e+01
2.176235280897355651e+01
2.229414600745554509e+01
2.265892464753491709e+01
2.462512844107060062e+01
2.178604035037308151e+01
2.368372034297427575e+01
2.494331882954784874e+01
2.306750340686575740e+01
2.760847004470365817e+01
2.496060261140103265e+01
2.160912101361905968e+01
2.142098839115187303e+01
2.034139591955382542e+01
2.440682493417409304e+01
2.068409422465791891e+01
2.178730524398342183e+01
2.219682675026109919e+01
2.265159450756016568e+01
2.214027741796711624e+01
1.996643542571905527e+01
2.515040836842770844e+01
2.144713644711070444e+01
2.277980351619390831e+01
2.433164063994205506e+01
2.205882470556485586e+01
2.629342456204441802e+01
2.279607010481016260e+01
2.327244869730001398e+01
2.243030908304402260e+01
2.294181065594727187e+01
2.240084291135173800e+01
2.174797044716692440e+01
1.910160044320305772e+01
2.062766767110259636e+01
2.231658995934005674e+01
2.265683911194944145e+01
2.463512340255237021e+01
2.428243188155931165e+01
2.186697832629575800e+01
2.450458613009586628e+01
2.221364032327482718e+01
2.536757790481126662e+01
2.329315123222745854e+01
2.166037523290829370e+01
2.316177633759118848e+01
2.535618620382631505e+01
2.283000723918289765e+01
2.428247768654055250e+01
2.457799126731999451e+01
2.561075008857782365e+01
2.162199040179452325e+01
2.179896357918136829e+01
2.507854409457429767e+01
2.395415970594657296e+01
2.448074517353195390e+01
2.558477674471444629e+01
2.285309052586087120e+01
2.090529934936736822e+01
2.069971041703559678e+01
2.524768890680934064e+01
2.280642350659529427e+01
2.266787418060548731e+01
2.085014521472256988e+01
2.291666060869836130e+01
2.382964180043363100e+01
2.556887540333394782e+01
2.347224470868613366e+01
2.467481210423644811e+01
2.177049451742090369e+01
2.249752098955469748e+01
2.276579309024307562e+01
2.158872429206790144e+01
2.168771060765181602e+01
2.195458371495681860e+01
2.213453893082035862e+01
2.083214457638946371e+01
2.166094072247412328e+01
2.288117013917633713e+01
2.127515635135788941e+01
2.282085475578761802e+01
2.490250771197828428e+01
2.345485303004169708e+01
2.116365017533643567e+01
2.233809533581273143e+01
2.151811770006078461e+01
2.205573156535712798e+01
2.454913778484751319e+01
2.181888682769903554e+01
2.452341170846158747e+01
2.261437989937335402e+01
2.132838460475406706e+01
2.200226911046927469e+01
2.615051885674245824e+01
2.314695230224669231e+01
2.105314637164702418e+01
2.144647870723635208e+01
2.216061342091263953e+01
2.044272506864720640e+01
2.313307085474058411e+01
2.411842358493711913e+01
2.195179547993156532e+01
1.998349095563594346e+01
2.258297499008735798e+01
2.543268159198557754e+01
2.284930679566186029e+01
2.337738632787216986e+01
2.125059818974618864e+01
2.299921394598936786e+01
2.031523623590888050e+01
2.282983836092847696e+01
2.397347397125276203e+01
2.320952996663033829e+01
2.271543363046116326e+01
2.093178066072126953e+01
2.157569558589177205e+01
2.164134971563574439e+01
2.335074788562359061e+01
2.169679383355798663e+01
2.244900899862498989e+01
2.228787158971826798e+01
2.449175205102200081e+01
1.913650436821822609e+01
2.348474696611294377e+01
2.230338311106275029e+01
2.144166568991357025e+01
2.239828846414511787e+01
2.156007756387458230e+01
2.223592632409051362e+01
2.543684969417841302e+01
2.362551806114839792e+01
2.253228575481005436e+01
2.458090045603726992e+01
2.229521543570116293e+01
2.386292269416610878e+01
2.372143479798480215e+01
2.315793128967430903e+01
2.325430228240883324e+01
2.706285188464406488e+01
2.260685097586214098e+01
2.312660835489234756e+01
2.645507141915819460e+01
2.159271321437510593e+01
2.510303161721241594e+01
2.224083060933213929e+01
2.146202366129132599e+01
2.398343975225180458e+01
2.449302259200082332e+01
2.374024071601009211e+01
2.327955277353688501e+01
2.143996075821464586e+01
2.136078714480620278e+01
1.977140534228910695e+01
2.470211395619561046e+01
2.146455062215927612e+01
2.227589009755040195e+01
2.770760528437379477e+01
2.138266400802057632e+01
1.880552431477546804e+01
1.906915285395766091e+01
2.231714569144223859e+01
2.459554542642215580e+01
2.186919277917838045e+01
2.275920281079991270e+01
2.329398570752230668e+01
2.719512486333211498e+01
2.495545979416354143e+01
2.172287024279360068e+01
1.738970197550626651e+01
2.686876421363744782e+01
2.653393727368452559e+01
2.427067224878324225e+01
2.392595594802321912e+01
2.136398791939009101e+01
2.143889020096649745e+01
2.158774952352435861e+01
2.441740621957938018e+01
2.171541662030521636e+01
2.097502931218630806e+01
2.319908918593667835e+01
1.921301792045358425e+01
2.434813204938187070e+01
2.050300007682942294e+01
2.527184968494748674e+01
2.545786825509559748e+01
2.620910796511262220e+01
2.354226341739165207e+01
2.488305553419871075e+01
2.279312489054640167e+01
2.405986232002709002e+01
2.471473237883207830e+01
2.093722310644365692e+01
2.416641784680670924e+01
2.380578606493391547e+01
2.078068594982659434e+01
2.375316038846678168e+01
2.095075299082390075e+01
2.271997626255424763e+01
2.313298154153544317e+01
2.358449057660962467e+01
2.397984463770326258e+01
2.521366845453221472e+01
2.351474833893139404e+01
2.097360383312812715e+01
2.210426432237965955e+01
2.434275976295737109e+01
2.407772235464547705e+01
2.007595606722372139e+01
2.403798430966381972e+01
2.519673657035948011e+01
2.271916425314119792e+01
1.818159736122133552e+01
2.446632962468876116e+01
2.405167361781883528e+01
2.360350837104171262e+01
2.502431273684952018e+01
2.298334400191606619e+01
2.003121129858237381e+01
2.224307546989932760e+01
2.053408111776064260e+01
2.683941128053164604e+01
2.221970086345920592e+01
2.121017208801892195e+01
2.180875068510029635e+01
2.194628526435895211e+01
2.003605289711101278e+01
2.093379250495543076e+01
2.225371507359298917e+01
2.417879326362652392e+01
1.954994420353986939e+01
2.440192725606222623e+01
2.546948112153297217e+01
2.281171936987100324e+01
2.330625838140746708e+01
1.990177888819960828e+01
2.479814157919911821e+01
2.478819646629099083e+01
2.315165935008068132e+01
2.202991951347260979e+01
2.536062195402584862e+01
2.078343040051981205e+01
2.345830427909199400e+01
2.504661490387238132e+01
2.436333377462739946e+01
2.310827457860661482e+01
2.198229154091961135e+01
2.301581197393984013e+01
1.993700168959076890e+01
2.376656688438129095e+01
2.580546045392256005e+01
2.235093468607110623e+01
2.217795410858783356e+01
2.134939230311130842e+01
2.181114675512454326e+01
2.261429969399202378e+01
2.272378302259321714e+01
2.335494302613079043e+01
2.134623240540466682e+01
2.006389477663134357e+01
2.243131963867921641e+01
2.238604835054249165e+01
2.322676615941692191e+01
2.243565217405922141e+01
2.206950908748805773e+01
2.124927416934601965e+01
2.122307994181645796e+01
2.282406648712270680e+01
2.332126302242745908e+01
2.416389536621518275e+01
2.544374782851204131e+01
2.143782518286872474e+01
2.026504104409610107e+01
2.136518000633133951e+01
2.379189942255015566e+01
2.021436478971348194e+01
2.032691138145856868e+01
2.259121512711445234e+01
2.168775085984398032e+01
2.603373732053387357e+01
2.126332245719110148e+01
2.265027107152289787e+01
2.584374097583205554e+01
2.461764007158039291e+01
2.199472305188359300e+01
2.279079253809871375e+01
2.125025455547636710e+01
2.386669133597675696e+01
2.053008532716293644e+01
2.061242022088080006e+01
2.302046570482742283e+01
2.181071257568352095e+01
2.143700503301787919e+01
2.114575995686397292e+01
2.295015163618048248e+01
2.368178865282172296e+01
2.623792647433760195e+01
2.073260752449474609e+01
2.162938482417383312e+01
2.114750768169279382e+01
2.570265090558997656e+01
2.570592330297750294e+01
2.422966277833980087e+01
2.204263005052072444e+01
2.193173443521785515e+01
2.339406363150963841e+01
2.236291095093064385e+01
2.279509503499007650e+01
2.189456308095866177e+01
2.028357656327251846e+01
2.268402760509410143e+01
2.114708186768001852e+01
2.394425105806363874e+01
2.485179315103168562e+01
2.468561391510374037e+01
2.262641466005625901e+01
2.196347931238528517e+01
2.546008987819719493e+01
2.241768922740114078e+01
2.538490607696010315e+01
2.175755012162280622e+01
2.426575910039423434e+01
2.260144842257284026e+01
2.581427270698002729e+01
2.741751211624639950e+01
2.241682040004174681e+01
2.428322969671393139e+01
2.540739832210881133e+01
2.240309921237480140e+01
2.187593921555884080e+01
2.269554558223643781e+01
2.346342497939761529e+01
2.101506651475344611e+01
2.329054694625352795e+01
2.326250662215264242e+01
2.289846739263756703e+01
1.871098969094838083e+01
2.489256786659549547e+01
2.526825655225969314e+01
2.073925645222089997e+01
2.300720009659301724e+01
2.362188231650542392e+01
2.240338157303724742e+01
2.469711373335291071e+01
2.255555900595140528e+01
1.914357417142299411e+01
2.448591223448759280e+01
2.326713514628679036e+01
2.314058647602567831e+01
2.047775303523150114e+01
2.241335505747046497e+01
2.242944792672340171e+01
2.086365336702234430e+01
2.338104335686652391e+01
2.410301255950001575e+01
2.374573876954350737e+01
2.258798169793322685e+01
2.243257882779784396e+01
2.423063169264140271e+01
2.208170455087269701e+01
2.158469837409666070e+01
2.299334718426101531e+01
2.280821238213849611e+01
2.039615845496760471e+01
2.167844062203849731e+01
2.155451073680101359e+01
2.157990105663825275e+01
2.307414979185265125e+01
2.058852341931522645e+01
2.360085734783427469e+01
2.638836793413482695e+01
2.193142079615845219e+01
2.268827679712254408e+01
2.501955607848562479e+01
2.135760749998295438e+01
2.288348824080015831e+01
2.353150408774152069e+01
2.272775554071607829e+01
2.106380886229274907e+01
2.497304164697682083e+01
2.137915179894388018e+01
2.216362017199388035e+01
2.384182338621846498e+01
2.282776614232573920e+01
2.237778544889060584e+01
2.178230021122556082e+01
2.277051373307123683e+01
2.527966436557080598e+01
2.489839577329158615e+01
2.291032834419193875e+01
2.116248790138504532e+01
2.372633662862491377e+01
2.102935125428275143e+01
2.355414033914430760e+01
2.145404610695847225e+01
2.102385919976802953e+01
2.183273217693257706e+01
2.141073959836352358e+01
2.164782740385858517e+01
2.167004753145182505e+01
2.345714648673639147e+01
2.487526450565900404e+01
2.079926273507430423e+01
2.061852356845166412e+01
2.462946164304833729e+01
2.122178008614056566e+01
2.504869533873598897e+01
2.218979693829288280e+01
2.175437730009324966e+01
2.246434284744208298e+01
2.166352712274538916e+01
2.124465949511609253e+01
2.750969857770763838e+01
2.152204943601416431e+01
2.319408573602976276e+01
1.979852933329444298e+01
2.308060384348263128e+01
2.055385563907555024e+01
2.129692404734806388e+01
2.063510277314149022e+01
2.304793540724215717e+01
2.160279402528874826e+01
2.216594466654271756e+01
2.427314899984912699e+01
2.268732817335674667e+01
2.126382309138408644e+01
2.334886443775681641e+01
2.418502732631209540e+01
2.378698118432782138e+01
2.490679870113122973e+01
2.681211986603543451e+01
2.139925488425893363e+01
2.524469499263966199e+01
2.401129104181414320e+01
2.332841307457074720e+01
2.402693156281632625e+01
2.148334850742558544e+01
2.158059518732003212e+01
2.187500187957406084e+01
2.232383598135396952e+01
2.353448842639763328e+01
2.242575441961568572e+01
2.047175220904291848e+01
2.247153931913014091e+01
2.473788753027530873e+01
2.127689717540162562e+01
2.204074158494505298e+01
2.194362114470943226e+01
2.491120835633629937e+01
2.297884397849175642e+01
2.163715542832439098e+01
2.482658507497326639e+01
2.131540599310629247e+01
2.171301507105511064e+01
2.259725965372966527e+01
2.372938333388139753e+01
2.354314216545678562e+01
2.339536154927159117e+01
2.407773097234837678e+01
2.151192218067170359e+01
2.204289555172777071e+01
2.514575777153293501e+01
2.257781223447477004e+01
2.531366050851556793e+01
2.154145026976641475e+01
2.226923633015256954e+01
2.683129860505298225e+01
2.672841123181210676e+01
2.156384188617685282e+01
2.247063498840970297e+01
2.309716717539688702e+01
2.445845825374442128e+01
2.186779080790683238e+01
2.154497602348683571e+01
1.971449236503097069e+01
2.332446166384847430e+01
2.482088867855308578e+01
2.550008497617336189e+01
2.095713035588802953e+01
2.102371348558883213e+01
2.446606948494422440e+01
2.450850618888607002e+01
2.048845766858854134e+01
2.412290072863657642e+01
2.159447524502595783e+01
1.994037421351911021e+01
2.329135710634864864e+01
2.484550324359031492e+01
2.361107652482390762e+01
2.307406795560057589e+01
2.123807690647060653e+01
2.180980962166228210e+01
2.039920832548786578e+01
2.083024066224417226e+01
2.045269204546637454e+01
2.255632806803118839e+01
2.449581932859368649e+01
2.278408589272774876e+01
2.433152372863189683e+01
2.316877477649157768e+01
2.323706131587754342e+01
2.611476013065716018e+01
2.084179419176746961e+01
2.248357212495869462e+01
2.197926100471521593e+01
2.374955318242634661e+01
2.117579491462908337e+01
2.286990269851578361e+01
2.491886639895824018e+01
2.270493627821550220e+01
2.168438060940645329e+01
2.308693887679029189e+01
2.410335785419099963e+01
2.300894840028050581e+01
2.478356298945062974e+01
2.373053210392280832e+01
2.250756963074094230e+01
2.389792841336765861e+01
2.116237796150630146e+01
2.080879097773542341e+01
2.311787732920083727e+01
2.070388988167748323e+01
2.287386386517306036e+01
2.300530920894898301e+01
2.498734486128953947e+01
2.396633861075238414e+01
2.758398714367879023e+01
2.166851400859853172e+01
2.262174400782322081e+01
1.950545764348374078e+01
2.424782909728210356e+01
2.676324169584637147e+01
2.502448756507076766e+01
2.411019557663074409e+01
2.241885675110123444e+01
2.235830404578306485e+01
2.213151579988060291e+01
2.286321299672863105e+01
2.324221988436541864e+01
2.153452320965781297e+01
2.388069163731111644e+01
1.965817829155347596e+01
2.147170180005525353e+01
2.433722187501869882e+01
2.109184591568769207e+01
2.248375559568025395e+01
2.039918279448847827e+01
2.328585181590722897e+01
2.487212715429685517e+01
1.933051719083475462e+01
2.520175910349126625e+01
2.194566844046753218e+01
2.554641710190154313e+01
2.004235702008390874e+01
2.176286345868003380e+01
2.061793441451055031e+01
2.263700102944678960e+01
2.088813718468131242e+01
2.253335560121982439e+01
2.588308243282943621e+01
2.010767858005502617e+01
2.289055502965954147e+01
2.165606424272195696e+01
1.910623385975977229e+01
2.204285459769984357e+01
2.532571658700927841e+01
2.287804972339191067e+01
2.289273749873648001e+01
2.217037546874638210e+01
2.194179897761639708e+01
2.136691291158349770e+01
2.482398471108343330e+01
2.037154829212764895e+01
2.076101150245736093e+01
2.077997501458127161e+01
2.121159124494799286e+01
2.470226555190648554e+01
2.289906139136161300e+01
2.487495336680715852e+01
2.299331831176756680e+01
2.507825823501966056e+01
2.341709239795114783e+01
2.324273745902747024e+01
2.315079959169027290e+01
1.859408256779719082e+01
2.356987686696115247e+01
2.175740263514180484e+01
2.249163485276392294e+01
1.893465512839950193e+01
2.373723187366706000e+01
2.294169722082020257e+01
2.460276924571274648e+01
2.408258283584487458e+01
2.119476248870644852e+01
2.160968747714522209e+01
2.153867651502520886e+01
2.420773014215381735e+01
2.083178920687733537e+01
2.448693899045693811e+01
2.173750708329693992e+01
2.376526719390439979e+01
2.304974988986908713e+01
2.294388543732544861e+01
2.500461255283410722e+01
2.209519024942314047e+01
2.678643764662949422e+01
2.191041307955551787e+01
2.079247713146968835e+01
2.399630484627030924e+01
2.143827914811026147e+01
2.464745052104592560e+01
2.607543590704755232e+01
2.379979235031412799e+01
2.134084978798411214e+01
2.638649512202137615e+01
2.190313585238238758e+01
2.309007018947246337e+01
2.062334949992274957e+01
2.274455374119674289e+01
2.383635063766259066e+01
2.283348109140257876e+01
2.270340632185889618e+01
2.585222855264135333e+01
2.191367198231881019e+01
2.457750152346809713e+01
2.457805042487333225e+01
2.110638657387874417e+01
2.380423063675565842e+01
2.298690841297980825e+01
2.260856580633402402e+01
2.665026722050644281e+01
2.416964739162619225e+01
2.415388365130525017e+01
2.000522354393148916e+01
2.088640116166556382e+01
2.190975669249612778e+01
2.258808237685230935e+01
2.561241331525942400e+01
2.307523282574861767e+01
2.229179027721652062e+01
2.135529506712810743e+01
2.213451645588115824e+01
2.346080866040272639e+01
2.216286137071906026e+01
2.228343888045320043e+01
2.178109874456252726e+01
2.195409326151607488e+01
2.094004787747514840e+01
2.282609233305540286e+01
2.379127855168745498e+01
1.948993011375308626e+01
2.076369255173188577e+01
2.034595308056682583e+01
2.529815809200151477e+01
2.085068789305714176e+01
2.331957622337832348e+01
2.134485187820263619e+01
2.187898376130425859e+01
2.371674902780819139e+01
2.453823152640867988e+01
2.368190394219015360e+01
1.985171238963800633e+01
2.287129952566628432e+01
2.670722688117233190e+01
2.351052348931985136e+01
2.420147855689686267e+01
2.381834276003381135e+01
2.159672708375509842e+01
2.190137273773989079e+01
2.369872646042442099e+01
1.879063742177638829e+01
2.404813377550842901e+01
2.379797077875343803e+01
2.372097953663020675e+01
2.315862107417569504e+01
2.297401730640327955e+01
2.263725711438803856e+01
2.269286930102778044e+01
2.390545218110933590e+01
2.136344600101050517e+01
2.191757506946732192e+01
2.366619789058714218e+01
2.276313639466418692e+01
2.417818385842631557e+01
2.115059733247387541e+01
2.216528321569986204e+01
2.173656154072276436e+01
2.492103863899800231e+01
2.013733899338465960e+01
2.249048450532424681e+01
1.966750210285990974e+01
2.525254641251815002e+01
2.252586965364779203e+01
2.389360108237627500e+01
2.425076570083578886e+01
2.039367169678643421e+01
1.978651326835514723e+01
2.232714234982116608e+01
2.267337215127885841e+01
2.069664967564180458e+01
2.320450340972506709e+01
2.245409301595638851e+01
2.521576315797982204e+01
2.233424543984963861e+01
2.305961402751315958e+01
2.412312367920058520e+01
2.233867304569601231e+01
2.426453576824843950e+01
2.442558375533133486e+01
2.445725852562829772e+01
2.374967258061781905e+01
2.457382630171589710e+01
1.896696297714061785e+01
2.274775612439537653e+01
2.340212712765603698e+01
2.369768876585708028e+01
2.334358489615086185e+01
2.246973679148591785e+01
2.344428016019598360e+01
2.465210649709469592e+01
2.738629172788726862e+01
2.126986326570313679e+01
2.165310498001488426e+01
2.136790924957898596e+01
2.207419067185504602e+01
2.114618347658670672e+01
2.132665711400811404e+01
2.125692776163597131e+01
2.578197402237851676e+01
2.330220686075587366e+01
2.250689210927565398e+01
2.269193581347559174e+01
2.361606283640283976e+01
2.333569958588968163e+01
2.365019126384517989e+01
2.314198572113227570e+01
2.348971318164995026e+01
2.248024582849005526e+01
2.410410612899163851e+01
2.372149507346855302e+01
2.287190839757132466e+01
2.403929771764827450e+01
2.177191740415012688e+01
2.163140647871092881e+01
2.211647640857884412e+01
2.370716747476694408e+01
2.260071284918356938e+01
2.061440516139904133e+01
2.329195488278599413e+01
2.537479584491336482e+01
2.275648141809453051e+01
2.088112764826119871e+01
2.418200587373265265e+01
2.450492128154837346e+01
2.290810321904568880e+01
2.063061503760980031e+01
2.158577376203708198e+01
2.334211895658289748e+01
2.089856871405781646e+01
2.388331757543311085e+01
2.115061805673131445e+01
2.137306873458364365e+01
2.127665993677489098e+01
2.412183545206985968e+01
2.368877330704044937e+01
2.237821517886888856e+01
2.518002937149483955e+01
2.266742638980149849e+01
2.311197321805451210e+01
2.451800440742569265e+01
2.354378597148940955e+01
2.077972527907684253e+01
2.280370919356552406e+01
2.212387087506216687e+01
2.191480728398246924e+01
2.193248601305499790e+01
2.318421912113122829e+01
2.300952327572559497e+01
2.257105775227356048e+01
2.670271524359203141e+01
2.073574953481114491e+01
2.390073382353588372e+01
2.355796669137128063e+01
2.107968164234048913e+01
2.622900049716063720e+01
2.226717130601760175e+01
2.363864871309580806e+01
2.045205839591336527e+01
2.371063317165567241e+01
2.029058972126870941e+01
2.172481887483578333e+01
2.176926592487250289e+01
2.416480102624324644e+01
2.106399237435532967e+01
1.963067461021991633e+01
2.271251064395642771e+01
2.467390338076002365e+01
2.329725511104284408e+01
2.342535688552528939e+01
2.268749964838092126e+01
2.189312681434466512e+01
2.366229978075900320e+01
2.200091205644769587e+01
2.280237938256210839e+01
2.454967685566058933e+01
2.105352626679218631e+01
2.103946705298492859e+01
2.123807340086348461e+01
2.365483157964816030e+01
2.021181491281995690e+01
2.330045748715521725e+01
2.107485050926964121e+01
2.563450289985023645e+01
2.477010185530584607e+01
2.145332581348615264e+01
2.224814368366423878e+01
2.323346807570809958e+01
2.356075362959991182e+01
2.185014735655906648e+01
2.337676405614691078e+01
2.252677946308182300e+01
2.328616002340351798e+01
2.254678537405904848e+01
2.284891226226392646e+01
2.285574579237556847e+01
2.669659882794873695e+01
2.528701018294672309e+01
2.353601581107198015e+01
1.967757997124584435e+01
2.352650553062756345e+01
2.073612274843830150e+01
2.645126953963719885e+01
2.163070279868772872e+01
2.463412781010068286e+01
2.135213269053282303e+01
2.456786435419805414e+01
2.176766680396663034e+01
2.160960049899027524e+01
2.138095033678516188e+01
2.113831192507578649e+01
2.410186600800801315e+01
2.690711793683949082e+01
2.328260607136291327e+01
2.482389754834750661e+01
2.108737317574298942e+01
2.136318985982862273e+01
2.125509915259084082e+01
2.163007571335723611e+01
2.083892389496944375e+01
2.273943041331874682e+01
