2.501513241372491336e+01
2.537996446095763758e+01
2.455910264870658466e+01
2.576600311876441651e+01
2.153682327491136306e+01
2.252967590419654798e+01
2.269689113989987206e+01
2.390403236947534182e+01
2.261925658317139920e+01
2.094637329461319908e+01
2.257830597261722616e+01
2.298160951190538981e+01
2.513994653353268660e+01
2.429640418672175883e+01
2.424564574485114221e+01
2.220692495366008146e+01
2.274860629671064416e+01
2.467175295013164771e+01
2.422515614331559064e+01
2.383106782075357089e+01
2.302748140847913660e+01
2.445438865732675637e+01
2.395846715967689988e+01
2.257321177948851698e+01
2.063691148404123155e+01
2.007684749888307607e+01
2.473309007941263715e+01
2.502289574043320641e+01
2.665069386560388764e+01
2.124644401291620355e+01
2.448236233334551315e+01
2.238756902100563906e+01
2.253179215980348360e+01
2.341708724472291436e+01
2.381511269429910627e+01
2.200029131391032067e+01
2.452273070027176871e+01
2.605076524553824058e+01
2.360937758719910562e+01
2.370929993430309324e+01
2.086806964537002784e+01
2.479694253515393143e+01
2.465793620711325218e+01
2.248571389466475878e+01
2.497343238646130459e+01
2.313554836875025700e+01
2.361904369597566600e+01
2.125505879910978990e+01
2.525165361359504956e+01
2.240898281364664513e+01
2.123492808106334451e+01
2.263522171094288993e+01
2.499170930550495129e+01
2.024387153233654857e+01
2.171263286321822861e+01
2.304661200374059149e+01
2.251006267973385278e+01
2.319022154638977540e+01
2.538198502316682692e+01
2.408398603596101495e+01
2.402575015720117335e+01
2.244257290445606401e+01
2.291804232975661648e+01
2.190074842126390209e+01
2.392661580263961696e+01
2.215774772587822028e+01
2.254459721104063519e+01
2.321360615264777749e+01
2.346787510212602612e+01
2.263967567432515082e+01
2.138617518662581674e+01
2.307970533550456338e+01
2.166092084098006154e+01
2.190671712800492088e+01
2.312104430316066583e+01
2.013921729577560527e+01
2.204142820802674763e+01
2.519049490804282243e+01
2.199937527687228211e+01
2.304573534894422693e+01
2.291658628616543325e+01
2.346600260286082218e+01
2.200352951610468111e+01
2.387352288692034108e+01
2.330549137255702519e+01
2.227566490863920023e+01
2.282528616834760626e+01
2.271158531071413833e+01
2.196425065126980058e+01
2.228026441549518921e+01
2.480182846121889284e+01
2.220506134540171672e+01
2.209455620344849791e+01
2.464063008494042606e+01
2.079000022001264014e+01
2.454351247137853775e+01
2.314330152280435371e+01
2.354487092665001668e+01
2.150776462125539013e+01
2.119426360216007055e+01
2.250850813599748079e+01
2.205676785979573395e+01
2.087661543274395370e+01
2.504171212397094948e+01
2.452048840472653168e+01
1.833569731796883318e+01
1.822453467604087152e+01
2.250783328907702696e+01
2.326807395017304358e+01
2.421422510344404699e+01
2.168624001209435903e+01
2.177161204643389780e+01
2.109846993224634559e+01
2.234540779267474875e+01
2.096323635744160896e+01
2.470292977902159848e+01
2.309593879746686085e+01
2.383318339617439818e+01
2.178080461617117436e+01
2.428395529674994791e+01
2.340984827715227112e+01
2.187078113097082976e+01
2.026792366663248046e+01
2.236636521443589842e+01
2.210822194308351030e+01
2.475104858643204864e+01
2.304965106350112336e+01
2.238048541385756351e+01
2.413746923139092360e+01
2.095052008903604701e+01
2.280057833483282437e+01
2.185066559787451368e+01
2.153717984045886524e+01
2.319798400030603247e+01
2.407655792983424092e+01
2.189484344803964078e+01
2.204735148013444856e+01
2.258145213345947511e+01
2.143958269981349929e+01
2.467487411193451408e+01
2.123550188241484094e+01
2.148647912937461157e+01
2.300862157675599562e+01
2.165670169480490159e+01
2.288394578909545629e+01
2.271496461307872394e+01
2.295503584271379083e+01
2.344349135775631154e+01
2.255743804151276422e+01
2.073879286471025196e+01
2.570404785575050255e+01
2.402933875010681319e+01
2.194836513392301924e+01
2.104023811843038416e+01
2.280059676800022928e+01
2.330365580826535421e+01
2.330912058105606377e+01
2.582695591724604611e+01
2.340415901194977266e+01
2.093738880982510508e+01
2.485113779884182250e+01
2.448911505044038606e+01
2.248196415034110274e+01
1.940423549291297434e+01
1.962119081403152876e+01
2.411719644831513776e+01
1.853443841988978136e+01
2.114823975735539108e+01
2.298947263533571572e+01
2.203569351062377635e+01
2.122732922462686034e+01
2.320537298108223112e+01
2.157559480068467295e+01
2.256189784803238041e+01
2.411793661125467381e+01
2.349125790716012219e+01
2.303639904100309366e+01
2.473309408931765674e+01
2.409659013486158585e+01
2.123457442870344281e+01
2.367276515024918027e+01
2.289625210369147013e+01
2.271307649577092391e+01
2.132693257080569893e+01
2.137780942942476159e+01
2.179692960247527722e+01
2.199422927236581060e+01
2.231050799807148977e+01
2.524829964600955279e+01
2.324156172945251697e+01
2.125104213283864141e+01
2.438335901415539908e+01
2.046192484318913074e+01
2.512358550415909519e+01
2.349251834527636618e+01
2.415303555416256387e+01
2.301640634995213830e+01
2.422750430752031647e+01
2.401394990187554157e+01
2.224498784218295100e+01
2.445402017197682198e+01
2.533643582254142501e+01
1.846547026185853113e+01
2.069553121933875417e+01
2.492405732362306736e+01
2.128823197275875501e+01
2.329184080038917060e+01
2.532218984688979546e+01
2.380436905462276087e+01
2.074166679799009927e+01
2.079009625067649480e+01
2.522055141138631740e+01
2.263790729486726150e+01
2.146389025922212923e+01
2.162477671571212312e+01
2.153868140130793307e+01
2.166164408739190606e+01
2.335366636972052490e+01
2.225459587260717598e+01
2.334470270157317984e+01
2.090598760010946933e+01
2.225477838331727654e+01
2.243948764501018189e+01
2.201301199660415975e+01
2.113869066440560118e+01
2.042417480057121892e+01
2.300107572814104273e+01
2.401108579390553288e+01
1.980666748561751689e+01
2.489008625487651472e+01
2.245690743068620066e+01
2.219787195456390094e+01
2.529978681414870323e+01
2.199763137255797218e+01
2.348596666744639094e+01
2.117533036640711330e+01
2.115561965952500856e+01
2.159052486688080918e+01
2.341779013230928541e+01
2.267982802356489813e+01
2.423486579653013351e+01
2.385934874888246782e+01
2.169361789728576184e+01
2.291544491633599634e+01
2.350739675858818245e+01
2.020569513474779910e+01
1.936546732606792176e+01
2.279017037014637026e+01
2.330746411153419828e+01
2.298846764298406953e+01
2.172277050647237218e+01
2.336076472025604645e+01
2.290140335597298105e+01
2.217400001781595620e+01
2.456649089291037313e+01
2.445759452409754431e+01
2.377189421159541993e+01
2.508317994653141270e+01
2.134938631378963336e+01
2.188831662622908070e+01
2.027865321232231466e+01
2.297701634466369569e+01
2.354421404153710284e+01
2.284383214577374943e+01
2.223780809891709609e+01
2.063980822180013064e+01
2.397338758644536583e+01
2.287502325748865317e+01
2.469976818861633916e+01
2.386276332084099394e+01
2.240443071015121390e+01
2.395957351075103148e+01
2.390090215891842362e+01
2.263175562191381118e+01
2.330093082239257640e+01
2.091943754462366556e+01
2.100743704707884163e+01
2.241248188764326343e+01
2.047588439915607950e+01
2.261041082320871354e+01
2.459680591945135220e+01
2.449740340043575060e+01
2.318037881721162563e+01
2.349610139326633629e+01
2.265498549045305055e+01
2.131930646929840023e+01
2.397042663895688364e+01
2.332815831132215578e+01
2.024833715377826593e+01
2.395325750146642463e+01
2.068573897688139596e+01
2.291863211184571014e+01
2.351234775952959311e+01
2.146524778480271323e+01
2.246501095619087351e+01
2.531805094377639875e+01
2.238185002319701766e+01
2.512951966259043246e+01
2.255445216432683253e+01
2.109060596979415436e+01
2.270075466288874821e+01
2.177700654485695253e+01
2.191452711757641936e+01
2.053579979959259560e+01
2.369431926995037330e+01
1.931572850152239340e+01
2.428032616265335264e+01
2.524816974103298506e+01
2.092257865181767329e+01
1.879354365081302092e+01
2.029954816540947249e+01
2.401663266601381252e+01
2.300973325628297061e+01
1.988841039134933908e+01
2.205701776937670289e+01
2.467319550505151327e+01
2.391672621547716915e+01
2.442004984245198429e+01
2.267336728455591199e+01
1.870209669286795773e+01
2.332884539940241808e+01
2.393231976613506973e+01
2.299165046283926728e+01
2.208694408057047909e+01
2.259212056099139687e+01
2.067970601587417789e+01
2.156948187729330613e+01
2.397503429925244944e+01
2.225863754258556426e+01
2.416285612425499352e+01
2.398146093854932914e+01
1.997819256382737407e+01
2.366311862631111396e+01
2.028176231975549726e+01
2.441629333830159254e+01
2.501561836191708821e+01
2.408801338732121167e+01
2.445041941248692297e+01
2.409217327292924793e+01
2.170268041906692602e+01
2.375901602132848822e+01
2.449115171949850023e+01
2.124914426992041072e+01
2.297418456607691439e+01
2.305128030744274525e+01
2.193126393334563673e+01
2.286386303790818175e+01
2.108506518404158214e+01
2.143454945212282681e+01
2.188151009662955815e+01
2.068394732169137029e+01
2.119970499772021810e+01
2.472234016546526547e+01
2.195580953263492319e+01
2.030543964406327362e+01
2.199242142127539879e+01
2.226719107766788142e+01
2.292285058160855016e+01
2.035187726400291197e+01
2.426044119050744285e+01
2.404242857550428170e+01
2.117872783626539857e+01
1.760343348015714682e+01
2.434712935824870428e+01
2.276727809034744254e+01
2.420023373343100559e+01
2.309851211607270116e+01
2.297705312265803101e+01
2.207220278463433161e+01
2.373300143811048102e+01
2.144950847013381079e+01
2.462608367258960484e+01
2.273497006515412977e+01
2.347486309929722736e+01
2.354673503498003129e+01
2.345551840834221480e+01
2.170532188089933001e+01
2.254754206479765344e+01
2.247438734240363800e+01
2.442985203269363481e+01
2.028009082782221384e+01
2.593638435623524785e+01
2.416350120490451303e+01
2.212645215158567780e+01
2.479239040457641963e+01
2.133141041177775676e+01
2.364671801838006360e+01
2.361935287445256293e+01
2.355881411078862797e+01
2.134542379840399562e+01
2.132882963394702358e+01
2.128444690815629770e+01
2.532370764731954793e+01
2.446122593186408878e+01
2.541729540795370923e+01
2.465911688139352975e+01
2.236087311076662942e+01
2.314730282410764417e+01
2.030062222054871057e+01
2.395943606273686655e+01
2.544786011096249823e+01
2.154522397957084223e+01
2.409246212170004142e+01
2.267090107349300965e+01
2.178451847193004554e+01
2.176392934137103552e+01
2.371604552986107706e+01
2.162129048964569833e+01
2.140696172602347147e+01
2.291054075305488524e+01
2.217843348425090966e+01
2.252217206333029864e+01
2.208175720400193498e+01
2.287798776359118591e+01
2.250481256997354507e+01
2.176062872949370330e+01
2.126996371510024986e+01
2.265439738506816170e+01
2.337113535126889019e+01
2.496078644041623207e+01
2.518347107326452416e+01
2.163249594396175013e+01
2.336749452197785715e+01
1.966224206130258523e+01
2.487639506183331406e+01
2.342861849557020903e+01
2.097664442075358693e+01
2.151220707780278474e+01
2.341309630318860968e+01
2.602852686451126374e+01
2.065767257905344678e+01
2.224962286746331586e+01
2.317381210308978368e+01
2.444179124189073349e+01
2.140578234690424964e+01
2.272115731866136201e+01
2.234221971329160183e+01
2.306107579258032558e+01
1.999561931226995881e+01
2.091238542686832247e+01
2.301066474019424390e+01
2.126059072808867256e+01
2.152744096267029050e+01
2.171680106656408071e+01
2.397824146251634403e+01
2.185796765925299567e+01
2.352114450829119718e+01
1.997858151903295010e+01
2.239898970413351265e+01
2.308098564257130647e+01
2.408820125623653041e+01
2.522674097784899061e+01
2.310629177793805411e+01
2.395947797544971536e+01
1.966922296315005880e+01
2.409573703187088967e+01
2.248362812616687023e+01
2.382177931308746821e+01
2.184006911474395451e+01
2.303696911039650175e+01
2.257674795181495853e+01
2.273761622813418626e+01
2.228789484172034463e+01
2.344885889123388267e+01
2.336250919203155263e+01
2.513948810108177057e+01
2.216355342757338320e+01
2.408369305301181384e+01
2.286142909880823382e+01
2.239194863560897986e+01
2.339475762540308779e+01
2.618147260630793127e+01
2.290964067123072923e+01
2.366644372885034997e+01
2.551342012463161524e+01
2.255803472225337103e+01
2.474791291568499219e+01
2.483474627012464353e+01
2.218870078217798181e+01
2.296849244375600563e+01
2.212132162732216756e+01
2.350468534841438739e+01
2.208544823084482900e+01
2.439908876736687304e+01
2.225703671920026139e+01
2.056512828208598265e+01
2.075705740499070373e+01
2.315227808576315738e+01
2.149178667390075859e+01
1.981447986391889771e+01
2.336129909123980752e+01
2.257004550277552468e+01
2.297726770240215188e+01
2.241113067596801400e+01
2.234886348323095362e+01
2.089842704203186230e+01
2.403620258975967872e+01
2.061599123099466979e+01
2.431561197381339667e+01
1.979894654754471262e+01
2.395119149128653291e+01
2.201178431047783235e+01
2.040457530546755294e+01
2.408849650986392632e+01
2.390094926119946805e+01
2.389198736087114483e+01
2.330870056968692339e+01
2.396091982901818795e+01
2.206066672470485912e+01
2.147650479674422641e+01
1.927060791463122058e+01
2.270402717040586538e+01
2.209257578805383915e+01
2.038806769908323346e+01
2.270592532892325366e+01
2.169045567300126365e+01
2.105705874702539049e+01
2.425412135367331246e+01
2.021021364803227982e+01
2.226216541893311529e+01
2.412377320685427406e+01
2.353088734425748285e+01
2.510664602605934803e+01
2.257821052911953430e+01
2.073641388556010767e+01
2.219429853679904951e+01
2.448556273053743126e+01
2.352950780049556556e+01
2.192082554068360878e+01
2.338309991710744384e+01
2.138363748349942384e+01
2.459921086202590956e+01
2.432741683785214803e+01
2.149522292780640598e+01
2.303437566150565630e+01
2.051295644793807327e+01
2.349368088044420233e+01
2.306754621253726967e+01
2.156689976570992329e+01
2.349666718663691256e+01
2.409392788242526251e+01
2.439921499000291405e+01
2.207381037633431475e+01
2.257539453762303339e+01
2.270975600941902783e+01
2.188581776678697111e+01
2.373648379654591878e+01
2.157241141756607306e+01
2.258470154528021823e+01
2.282179567065925596e+01
2.291310334442651353e+01
2.407451905911976198e+01
2.378609621032012456e+01
2.127443438220097605e+01
2.455209036073879858e+01
2.106070455564072574e+01
2.434331613811782091e+01
2.178570662044467454e+01
2.118758093580765589e+01
2.416837794295957309e+01
2.076631139553737171e+01
2.430542984114321570e+01
2.707972150814046230e+01
2.040354072995489787e+01
2.240853311415380844e+01
2.031055505950395101e+01
2.165219920823885502e+01
2.032457309466949269e+01
2.125388241084220553e+01
2.048258842013266090e+01
2.230793573428289278e+01
2.137866537853402349e+01
2.291528757136208228e+01
2.341707628926177165e+01
2.150296157148893883e+01
2.172383711501483816e+01
2.295798198530702194e+01
2.303007603234382827e+01
2.272529523644907101e+01
2.254153593974603709e+01
2.564668915302369001e+01
2.038576781662681370e+01
2.660561247979995514e+01
2.478563044731227549e+01
2.414191949768178347e+01
2.290984501231734072e+01
2.444760409482838526e+01
2.195567512217515826e+01
2.018969102838280349e+01
2.148848825785215055e+01
2.390384306671873205e+01
2.192387684852581131e+01
2.342724682142594261e+01
2.427516807135356558e+01
2.425324398630810663e+01
2.013098312339192120e+01
2.378939307784936830e+01
2.013401315453519302e+01
2.617789696359064422e+01
2.396077634183514604e+01
2.167766990502900626e+01
2.486183229306098141e+01
2.027296810653579229e+01
2.029336647394528725e+01
2.243539517569574926e+01
2.289713536519708725e+01
2.454280623104362391e+01
2.254594657001819158e+01
2.260215183550828399e+01
2.158434841156384465e+01
2.486050322742514851e+01
2.471935982695391587e+01
2.255613894499644090e+01
2.283468316045989255e+01
2.291394844240947748e+01
2.288223999216981852e+01
2.353496971508593560e+01
2.512055890599616603e+01
2.250093863352736179e+01
2.268681391132810887e+01
2.214853995632216055e+01
2.477660733207608246e+01
2.035899452029782708e+01
2.360862841547433177e+01
2.196957764684645298e+01
2.495557108965477511e+01
2.334418757175120263e+01
2.665305430379741836e+01
2.373095505435899355e+01
2.224843058142963415e+01
2.451141759048800139e+01
2.335939588920879117e+01
2.081959964871249369e+01
2.461328263000075367e+01
2.109706588624186452e+01
2.322890376449247185e+01
2.441005877704321847e+01
2.379155120970891346e+01
2.339803839432725852e+01
2.483720680190511132e+01
2.122518349482264455e+01
2.424302715820938658e+01
2.228951847084504578e+01
2.189781927692129315e+01
2.240289285321675550e+01
2.167613882278437387e+01
2.675396786991340292e+01
2.024918795365785584e+01
2.311510919433817435e+01
2.468159540469348912e+01
2.283444542771519892e+01
2.246560062435980143e+01
2.269392008197059596e+01
1.866176147372947014e+01
2.137997527826514599e+01
2.293230107210371216e+01
2.188816910544364447e+01
2.270993770801241496e+01
2.257467027498067580e+01
2.248665817159992386e+01
2.182878461171364748e+01
2.337844777640636096e+01
2.267534092286392067e+01
2.348128864040149466e+01
2.408760354414600613e+01
2.271029873126575893e+01
2.292482484641517004e+01
2.436947442427884525e+01
2.137238336381021142e+01
2.365100735958834122e+01
2.142187005539044264e+01
2.131421041069238598e+01
2.410300023817230652e+01
2.243580350164008763e+01
2.399736891635293645e+01
2.331990906696917776e+01
2.665863150931745196e+01
2.297659832708465188e+01
2.291782277827386594e+01
2.154792777552999539e+01
2.460110990605694781e+01
2.466739890262864776e+01
2.357052831459811060e+01
2.234824862326714978e+01
2.234781055292538454e+01
2.134728700835521664e+01
2.202690217675673878e+01
2.337053105058686242e+01
2.174919810853826974e+01
2.142416443563061179e+01
2.231765744690188313e+01
2.180088296291181393e+01
1.891877356005793942e+01
2.342720305437395822e+01
1.950618170200518264e+01
2.191529211451264203e+01
1.855485498066726535e+01
2.300335769493085181e+01
2.479332785899142877e+01
1.830836666954416714e+01
2.281110644301432444e+01
2.212847182469021234e+01
2.422769691062743291e+01
2.172825608941576903e+01
2.191137394745219424e+01
2.025658039323759496e+01
2.023312077146440302e+01
2.084020266317463665e+01
2.248047472843849803e+01
2.522905815407889563e+01
2.299989154666477020e+01
2.339175133360801340e+01
2.062278979524747058e+01
2.151723063075841935e+01
2.188342740883652127e+01
2.437306524512208838e+01
2.310677265780471146e+01
2.228847854195871392e+01
2.450120196195649314e+01
2.283739637911174469e+01
2.146526215685534211e+01
2.377416931999085747e+01
2.105643738025834111e+01
1.976122474414948371e+01
2.135230133080850479e+01
2.346287131924887959e+01
2.307422809469495917e+01
2.157992500751487697e+01
2.382035586486617618e+01
2.288438520864745129e+01
2.585940792999227611e+01
2.317775281824153666e+01
2.254974753290197498e+01
2.084294955098351210e+01
2.049538791649606040e+01
2.318338855604739734e+01
2.013325319353666742e+01
2.233495498496784037e+01
1.934144212329615087e+01
2.240968216243038924e+01
2.249943273323281900e+01
2.576638050868724150e+01
2.448796083637449073e+01
2.110083986972146874e+01
1.987232754802109369e+01
2.086087020695320859e+01
2.512635249889172329e+01
2.114481943138875408e+01
2.538055824568376906e+01
2.243816326035273434e+01
2.342031943340900213e+01
2.196171040847575995e+01
2.417921773696486909e+01
2.428254300473837546e+01
2.171096866768035127e+01
2.601497225172732186e+01
2.133732501082625177e+01
2.228635103968807485e+01
2.379600625491850607e+01
2.301031755002074419e+01
2.290799800625782723e+01
2.454532501743554462e+01
2.282210176526477952e+01
2.082874316668913650e+01
2.492386927997079837e+01
2.296426319338786115e+01
2.396101082385642300e+01
2.330533915621883878e+01
2.185062460870391732e+01
2.373299398022383500e+01
2.206428955403033498e+01
2.229422370298653533e+01
2.259951053491865025e+01
2.325294595080372062e+01
2.342300177417670071e+01
2.314933227145646555e+01
2.341569875609097551e+01
2.438605753120064890e+01
2.410915905968332851e+01
2.472463492424506271e+01
2.388863449874036249e+01
2.658061142320050863e+01
2.337845773080538336e+01
2.352034836098610526e+01
2.067977736713529779e+01
2.114450296482429792e+01
2.429950196832037790e+01
2.493138745204110407e+01
2.332368530092165670e+01
2.159948756407020909e+01
2.152876058474154064e+01
2.247313790249679144e+01
2.290797070225043797e+01
2.190937633839718046e+01
2.153024473962540952e+01
2.011452036136294907e+01
2.226271939955836032e+01
1.978489810315726061e+01
2.177266340883828377e+01
2.379397546846356803e+01
2.043989718809800138e+01
2.141600910785924583e+01
2.102951398764281166e+01
2.314266879266771682e+01
2.131950116207690726e+01
2.311654919455503787e+01
2.072392449812108950e+01
2.102865201466196154e+01
2.279082435401328155e+01
2.508305455070835066e+01
2.514617357562843480e+01
2.061211474622195894e+01
2.345591649142858515e+01
2.521403176413457103e+01
2.366910306211375215e+01
2.383805643727428958e+01
2.310337900628982055e+01
2.113934108356206210e+01
2.196924509165913264e+01
2.378867802845179824e+01
2.259298826946476879e+01
2.616282435696301079e+01
2.420727650972279577e+01
2.528949055253079337e+01
2.283406428230580332e+01
2.297491718965049401e+01
2.320038424350026318e+01
2.266010427645281311e+01
2.077961554446710224e+01
2.190651681750257396e+01
2.163780951049905354e+01
2.176341849575965171e+01
2.231972742299771895e+01
2.414069457616165693e+01
2.078533448317461207e+01
2.273976096344209807e+01
2.229676407212745914e+01
2.588666615611668220e+01
2.020919740930396458e+01
2.402165030616622232e+01
2.096823173231035398e+01
2.324376619115775711e+01
2.251938045269988109e+01
2.106732363796245622e+01
2.263924854290601374e+01
2.037708521039943932e+01
1.984474200539749233e+01
2.052725978733517920e+01
2.324666592394864750e+01
2.325151458343015065e+01
2.271294040598680297e+01
2.360109592105769849e+01
2.462706808621992494e+01
2.313203665687342436e+01
2.112340520627002860e+01
2.333902693544024842e+01
2.015475842642933557e+01
2.251398815148217736e+01
2.334923180652249286e+01
2.129780607344129351e+01
2.365111103648786894e+01
2.437247799537112414e+01
1.862625831243752828e+01
2.341309014182246173e+01
2.246879795427456017e+01
2.296243296365459585e+01
2.346291663501345681e+01
2.126260835857784315e+01
2.517914565630791301e+01
2.498183434580073836e+01
2.578559820764361277e+01
2.075889766543571469e+01
2.491477016657303523e+01
2.045475116277859939e+01
2.245906851955204786e+01
2.054975792771717735e+01
2.163839663757147491e+01
2.202325086016252698e+01
2.397854923511759750e+01
2.396558245535022280e+01
2.284588107770231957e+01
2.196967148322456609e+01
2.382130716577428586e+01
2.311759656156723608e+01
2.223175436167364438e+01
2.479661809568969133e+01
2.163071163604869440e+01
2.187052949782608380e+01
2.402677560185185612e+01
2.333357230603960275e+01
2.267447520555386831e+01
2.330132558923578756e+01
2.175395639131765790e+01
2.454868268934719211e+01
2.217431245186259758e+01
2.127884137738958970e+01
2.458197342180724831e+01
2.220285937233307294e+01
2.318874840503006851e+01
2.310263091491039233e+01
2.463774518563737459e+01
2.260265279645194170e+01
2.076187964380814321e+01
2.727071151097137403e+01
2.282528989321389190e+01
2.058510316796581208e+01
2.059196812436173474e+01
2.249476124672154853e+01
2.248916716135864746e+01
2.434716025910433501e+01
2.163115411675833144e+01
1.963518956755557454e+01
2.394952407744202461e+01
2.103112257451300948e+01
2.152604418696524391e+01
2.025327698165776624e+01
2.587086117706217436e+01
2.091341640274843883e+01
2.385885487233930036e+01
2.126141511448469856e+01
2.229388014238094584e+01
2.162600921383682717e+01
2.412953581243894163e+01
2.142143140157146064e+01
2.065199165026353256e+01
2.148257995800654996e+01
2.229848922314709725e+01
2.494872410778684824e+01
2.295303408732430128e+01
2.441228029954590184e+01
1.987106778496869453e+01
2.462528753208431809e+01
2.451779003511695620e+01
2.391255221320895785e+01
2.353722530756843057e+01
2.172400853902479057e+01
2.343107557952785669e+01
2.165500025656364613e+01
2.285286662743622443e+01
2.106662945310547030e+01
2.316680362179681651e+01
2.358989517823057369e+01
2.414013259488786289e+01
2.144967218422516453e+01
2.215471972844843407e+01
2.202280116680970679e+01
2.364400942362415492e+01
2.148859073929842012e+01
2.443333130908784767e+01
1.912754678774492234e+01
2.367619818680646304e+01
2.350363350843425181e+01
2.046976793289456964e+01
2.158222051964604304e+01
2.368355049889082409e+01
2.287888625159653344e+01
2.172790014132042202e+01
2.262159006187589938e+01
2.095228645120481303e+01
2.189534661918994374e+01
2.157671974822244820e+01
2.242440096374920699e+01
2.470048993421582040e+01
2.443707395320792486e+01
2.291654802177167483e+01
2.054716518395859381e+01
2.237754459934144791e+01
2.576561343428429751e+01
2.242935872368419226e+01
2.434923234383733259e+01
2.265919947511821775e+01
2.177642034796726733e+01
2.059323346739611793e+01
2.259731198553265941e+01
2.282794391230929065e+01
2.199458166682725491e+01
2.048166204509093902e+01
2.130773836953748201e+01
2.222012225106914940e+01
2.533113665713072038e+01
2.190237124518568734e+01
2.444872691611339377e+01
2.291567157577489056e+01
2.277134378972143836e+01
2.122304327969130355e+01
2.268791112222855588e+01
2.302692980553694468e+01
2.281551151037661285e+01
2.394171135017007401e+01
2.094473898041308502e+01
2.091835477785675224e+01
2.485173846170496503e+01
2.312454288055559815e+01
2.268563510293791197e+01
2.082591708690829790e+01
2.224667995206233684e+01
2.268724499962375774e+01
2.168563680986175513e+01
1.867612052025146951e+01
2.307982012765699764e+01
