2.467034301102157912e+01
2.646563803019554584e+01
2.409309079391932684e+01
2.490118973364974053e+01
2.092865347124059383e+01
2.307237585287542458e+01
2.295643803498779789e+01
2.553406090351858282e+01
2.294918649696111501e+01
2.047754150607002899e+01
2.241068359345358019e+01
2.370858692676178237e+01
2.493439749761792257e+01
2.368121672480225470e+01
2.341462917043530112e+01
2.113135011758446780e+01
2.317258394050494630e+01
2.661765024800414281e+01
2.387641932693073343e+01
2.245919990897653662e+01
2.078761634669455205e+01
2.334217729524888796e+01
2.539081412022972728e+01
2.169924983110678696e+01
2.101810372240472091e+01
2.084867167073775107e+01
2.340292088589548669e+01
2.506360241496476249e+01
2.547748183691589219e+01
2.364920395588242386e+01
2.423792877545546176e+01
2.300312911958947026e+01
2.219336472230111923e+01
2.286791907974150462e+01
2.394870483063020217e+01
2.094400080944833675e+01
2.407375408096241642e+01
2.316211644953861182e+01
2.416032058727061838e+01
2.343196038395295133e+01
2.075293235375335854e+01
2.388543253674825095e+01
2.432569800474564659e+01
2.425205517831690827e+01
2.458010059753440402e+01
2.324940783377195075e+01
2.441761627295660730e+01
2.206297056134864221e+01
2.490506331022712061e+01
2.011233314174983633e+01
2.269457474147912279e+01
2.350947796663891864e+01
2.352064956336949919e+01
2.105267884125290934e+01
2.093820230321144749e+01
2.182984132342538075e+01
2.255563767685144683e+01
2.546775167596374700e+01
2.369168314505374440e+01
2.191180746646629274e+01
2.493582438494859588e+01
2.273282599059380615e+01
2.279326027218167638e+01
2.026310420696419357e+01
2.459166306716200978e+01
2.008638949761344605e+01
2.462484636498854229e+01
2.202277215094909479e+01
2.132523061318556401e+01
2.133889280184664372e+01
2.144910854230012021e+01
2.374938051686632434e+01
2.108184366557567913e+01
2.186904323273114770e+01
2.374322432232834856e+01
2.076946559309507379e+01
2.197024863844455211e+01
2.524243747649229519e+01
2.299281118295375848e+01
2.289333916496039478e+01
2.421035064030535722e+01
2.350689435006985661e+01
2.027936719505198226e+01
2.455930105557958498e+01
2.421660358517997125e+01
2.199975333507095954e+01
2.169443272627679065e+01
2.235112505580655196e+01
1.931788548155692808e+01
2.142022380308081608e+01
2.331023293818172704e+01
2.137044527690147078e+01
2.251895293604446024e+01
2.359254989565712179e+01
1.940284588213853922e+01
2.350662234893697544e+01
2.235665065328162271e+01
2.340589057304971732e+01
2.158499957805067737e+01
2.226302256098415100e+01
2.108419244354015376e+01
2.481758106020032884e+01
1.928214127343168727e+01
2.503630504346753938e+01
2.062900045349282507e+01
1.742792449149445133e+01
1.915473726804009402e+01
2.411156630725209382e+01
2.066069382607991756e+01
2.557140898022285924e+01
2.369303212678911663e+01
2.336222257134097902e+01
2.161615226601350415e+01
2.078083074615004477e+01
2.206197277939405765e+01
2.363507747851857488e+01
2.313676951412371707e+01
2.327359002778868202e+01
2.223392153480637035e+01
2.516793454611238090e+01
2.393300502386685835e+01
1.988493662798250838e+01
2.150269763331323958e+01
2.173921397321239368e+01
2.203685989110282151e+01
2.791800808158539482e+01
2.133415719305710567e+01
2.253910970073732400e+01
2.532951060114198327e+01
2.121758940368944124e+01
2.226359478476427611e+01
2.086842322067753486e+01
2.064472083600010777e+01
2.303360721670031097e+01
2.391855974405514118e+01
2.318769783565453579e+01
2.293058232943939601e+01
2.077033601091418902e+01
2.175852284471446296e+01
2.333673460007810974e+01
2.279013764915552187e+01
2.174930042639027761e+01
2.178843606983986092e+01
2.047452867655553987e+01
2.173253582386146121e+01
2.175121015130824276e+01
2.286848258051563221e+01
2.191564575431828388e+01
2.353871370421197540e+01
2.248413649504221468e+01
2.574435575520659469e+01
2.308708394122893282e+01
2.172738662026395673e+01
2.231867506287419189e+01
2.240740095907502649e+01
2.491415081294591616e+01
2.207391865790930652e+01
2.365841375365594956e+01
2.508363213486600074e+01
2.291465767606715076e+01
2.723242442707432787e+01
2.485901314295639608e+01
2.168560838569872118e+01
2.163027788600078338e+01
2.029796209336996426e+01
2.449558322342748440e+01
2.049219851129940650e+01
2.164997451994149458e+01
2.260272157834505791e+01
2.233711849103004710e+01
2.185095819461653122e+01
2.018905243416789475e+01
2.496172973952239715e+01
2.152213548829718448e+01
2.279253387670501141e+01
2.423523558111534726e+01
2.197125326802975209e+01
2.615183765321388165e+01
2.303383118091074167e+01
2.292650224098854039e+01
2.204883650377819038e+01
2.260238476274913921e+01
2.243764728940830011e+01
2.180557842372518706e+01
1.936280896343308910e+01
2.080093022249312540e+01
2.224692058323247323e+01
2.264162707825230925e+01
2.487603528122478025e+01
2.399384640767028642e+01
2.205349391874257492e+01
2.456593812571781754e+01
2.243830537521120760e+01
2.536456312178300010e+01
2.324043127583427903e+01
2.182841493488698603e+01
2.284529080289893699e+01
2.528210364634098539e+01
2.253663252016164265e+01
2.411324551455076914e+01
2.464775953817040133e+01
2.562675912853940829e+01
2.145890599031029211e+01
2.193378349370644642e+01
2.543694054641972357e+01
2.370735516938912113e+01
2.426298019134975448e+01
2.510294723869847289e+01
2.279017417153297487e+01
2.079482785022119629e+01
2.050239818477486153e+01
2.513652939878697268e+01
2.286506156596054495e+01
2.261217902626599852e+01
2.104133018275970102e+01
2.312932931004374737e+01
2.377560070213345256e+01
2.517781336424209471e+01
2.358497803107342250e+01
2.465325977543600189e+01
2.197324693287897190e+01
2.265496478484689291e+01
2.258673460484086704e+01
2.164645615753994079e+01
2.174162814088465367e+01
2.191049434817481156e+01
2.220991413463881159e+01
2.068499560916795943e+01
2.141278448082655572e+01
2.296565816776590552e+01
2.153029259148643959e+01
2.275624108591959072e+01
2.446570149160110930e+01
2.345700464680694708e+01
2.133691913999094325e+01
2.232571746765431087e+01
2.143809505832552276e+01
2.212553770522691821e+01
2.475209097348156462e+01
2.199895688719479026e+01
2.464680268733678403e+01
2.280725216988376403e+01
2.115585900665484687e+01
2.194136746263814075e+01
2.621383609571925533e+01
2.308227350075524598e+01
2.116119495873109102e+01
2.165368302353914842e+01
2.197525680441444607e+01
2.039029649392728061e+01
2.299070788026156364e+01
2.429927249633608710e+01
2.178824304861901950e+01
2.045907372203414454e+01
2.257193521921410806e+01
2.533425205007586811e+01
2.292108566039676987e+01
2.344563230883576921e+01
2.122654424144924334e+01
2.296830944701166644e+01
2.033941048830142861e+01
2.282132155027953146e+01
2.375666946128346169e+01
2.325793829840045746e+01
2.259841500538062675e+01
2.090432114360744720e+01
2.166404862526862729e+01
2.152124041690757039e+01
2.347374418492838899e+01
2.165857646390858093e+01
2.228460501382858894e+01
2.236504607748534923e+01
2.470795395979277131e+01
1.920587810504665072e+01
2.329436270113791352e+01
2.231028080692049542e+01
2.186742594543441598e+01
2.227476138603971023e+01
2.163064317987626595e+01
2.228497151368851448e+01
2.551239023205525669e+01
2.361451976478517167e+01
2.259981404918904246e+01
2.434522639141753686e+01
2.213056296469568807e+01
2.366631440280249521e+01
2.373537282126568115e+01
2.328247840349854059e+01
2.305196891996445885e+01
2.679562475068930993e+01
2.282720653856030424e+01
2.319390822546145614e+01
2.657788752952536981e+01
2.167882962697076721e+01
2.521717318976110178e+01
2.234947361724813319e+01
2.152922892182543180e+01
2.422947215729069725e+01
2.465145852332605969e+01
2.356361311711747675e+01
2.325427977113844946e+01
2.144139029497503302e+01
2.142858260823581062e+01
1.978408681600639696e+01
2.440759959981003036e+01
2.155544529319334046e+01
2.246186345384958116e+01
2.764779399946879224e+01
2.125228071735026347e+01
1.875685628532781379e+01
1.939188382279247946e+01
2.195044408076589448e+01
2.480811446230891448e+01
2.188443505861192762e+01
2.315748811809398688e+01
2.328953347747653524e+01
2.676239147391561346e+01
2.484694025407856444e+01
2.200810035794832586e+01
1.718329306790256794e+01
2.671561662611264509e+01
2.642069679297702933e+01
2.439670140596713210e+01
2.382389502030796891e+01
2.135411722767144482e+01
2.152274119108191641e+01
2.131318642839410060e+01
2.414387415461341746e+01
2.183240004095216236e+01
2.103037981225470432e+01
2.308694932941233091e+01
1.943096062861979334e+01
2.419831595472205876e+01
2.044076587036032677e+01
2.509240374062838086e+01
2.534151010712630026e+01
2.620296696799859504e+01
2.392149250360139945e+01
2.482977894870887781e+01
2.271272420768853451e+01
2.398857257304130641e+01
2.455740675676718965e+01
2.062300161959819178e+01
2.409529378503483343e+01
2.402807480230089610e+01
2.070665495251536825e+01
2.379271785073710532e+01
2.107819526637231533e+01
2.269311778133281265e+01
2.283974361148481336e+01
2.346095182396101464e+01
2.382961769443004840e+01
2.533431459784394590e+01
2.347920946358366834e+01
2.096203715024065417e+01
2.223316723822433261e+01
2.431967105034882692e+01
2.406492042585784219e+01
2.000495043637126358e+01
2.405696908907013309e+01
2.513061985705630264e+01
2.256425437455277461e+01
1.821304083733676293e+01
2.438049889894942623e+01
2.417242483953955912e+01
2.338551067074752865e+01
2.502272305938047836e+01
2.290526305293968079e+01
2.013081688075341447e+01
2.229660766432840902e+01
2.069377349185619863e+01
2.649897981167887906e+01
2.243221889728050655e+01
2.109237285352067914e+01
2.208013569497834183e+01
2.173492829258706749e+01
1.979839469770955773e+01
2.090838459142191397e+01
2.230289881676559460e+01
2.398156278723057255e+01
1.957103501724059313e+01
2.471606651988566838e+01
2.552222422661373713e+01
2.309487969329508417e+01
2.308870244072708999e+01
1.978117617526397254e+01
2.491747135533571367e+01
2.469236724007226158e+01
2.303395298362029209e+01
2.215579467762273680e+01
2.560170703073606191e+01
2.083843892894172711e+01
2.344585250763799067e+01
2.488884264204045138e+01
2.430030900336365818e+01
2.292913215809570460e+01
2.186594070894971864e+01
2.302409732332619186e+01
2.004878853832455832e+01
2.338896525349612787e+01
2.589846249635756337e+01
2.209086258158846050e+01
2.206877783826810102e+01
2.129802177486026338e+01
2.200678091914367585e+01
2.245581073304025921e+01
2.233950592726000650e+01
2.370578793190609446e+01
2.128091738308311776e+01
2.006012826207076216e+01
2.231025464252407176e+01
2.250480948917507718e+01
2.318003440911509117e+01
2.249510682530005923e+01
2.217428717868634180e+01
2.112651101476366478e+01
2.123059087172395465e+01
2.263430041409770865e+01
2.328974137018803248e+01
2.411871210217814010e+01
2.527836073431582165e+01
2.154248749897563542e+01
2.019769996631280051e+01
2.153031714085875947e+01
2.370306740725196093e+01
2.017608429028177852e+01
2.042034324189357619e+01
2.247910983811057406e+01
2.167665606274362489e+01
2.593424707716821587e+01
2.126711065208486673e+01
2.263588692432700356e+01
2.581994120319427921e+01
2.465201973928152412e+01
2.174153180604562863e+01
2.268974987689885836e+01
2.133612923394944971e+01
2.399526328650712159e+01
2.049385465837303144e+01
2.078999738732214198e+01
2.299762208381355322e+01
2.165876558326336010e+01
2.142948281219385365e+01
2.082813867434700583e+01
2.278444034363620929e+01
2.380691318531443201e+01
2.633202822226430229e+01
2.097171823794401035e+01
2.160486209086843346e+01
2.117133567078201040e+01
2.584002194217811876e+01
2.548259823053530226e+01
2.410979537985263121e+01
2.205159029208031285e+01
2.192950267632307515e+01
2.320041989319749121e+01
2.238054769572476843e+01
2.278553091478552517e+01
2.195340690240715986e+01
2.027608277489525790e+01
2.258950220045442947e+01
2.106668665709375077e+01
2.399514499082159702e+01
2.484229888500157557e+01
2.438624674324260155e+01
2.244417765016010335e+01
2.178249100052381593e+01
2.508508149680584864e+01
2.267005970933372794e+01
2.535567418716192378e+01
2.177926694829265841e+01
2.432323326244671335e+01
2.248775554468148385e+01
2.590469764292235766e+01
2.718993774251433848e+01
2.236304605165965498e+01
2.461602147568856580e+01
2.539442204950549709e+01
2.246334114103268931e+01
2.190798344050448421e+01
2.267623523018568221e+01
2.350728870347456478e+01
2.112199126879593791e+01
2.347753082899075849e+01
2.339746464924539637e+01
2.241016993672114310e+01
1.861148110398930910e+01
2.461652027075916394e+01
2.520946161077591796e+01
2.083484329964292670e+01
2.272608898902343810e+01
2.406574538994071588e+01
2.241345903454194399e+01
2.469076286345388738e+01
2.260362070725668104e+01
1.889890779952953892e+01
2.482858380264998033e+01
2.362074531075977291e+01
2.306656650694563737e+01
2.013684353631770563e+01
2.246749835196495226e+01
2.258505611881956199e+01
2.091489586691184854e+01
2.343092817508982861e+01
2.405844364641437849e+01
2.367539558987022730e+01
2.254362215254499446e+01
2.261474251798693658e+01
2.408021876227987335e+01
2.204251632895055835e+01
2.145056002158226605e+01
2.283578720856297295e+01
2.239878627144189593e+01
2.067294136233886448e+01
2.152940089079528008e+01
2.179509330008288615e+01
2.146355439788197117e+01
2.340535194507614136e+01
2.045378073338661906e+01
2.347478885216627731e+01
2.619015734325850531e+01
2.155450656629061257e+01
2.274612665563647695e+01
2.477888028250915653e+01
2.143939752416462952e+01
2.284430812491991958e+01
2.377538840997502589e+01
2.265195656996428752e+01
2.098680330654374160e+01
2.448173947213842183e+01
2.110986280966828943e+01
2.253003350315047726e+01
2.371584564434096620e+01
2.264811640098622192e+01
2.211259909550636849e+01
2.168247096342568270e+01
2.298591459787199653e+01
2.529099071076636562e+01
2.468514589593447539e+01
2.298231475921318889e+01
2.107470374007063185e+01
2.354034304303549519e+01
2.097851213487142985e+01
2.369632725633609027e+01
2.152129878550083220e+01
2.086767446576362417e+01
2.173166522179322868e+01
2.130968976420906813e+01
2.150773739873774559e+01
2.188730884838439295e+01
2.320830069209129931e+01
2.485779086468796706e+01
2.078201920727739704e+01
2.055029881557961247e+01
2.457088191313569681e+01
2.114956784327491590e+01
2.478575590055032407e+01
2.225005475571285274e+01
2.159867232330375231e+01
2.295527156516765643e+01
2.173735082629772108e+01
2.115791769505491970e+01
2.747498508100533954e+01
2.166628308608856557e+01
2.294871862753376845e+01
1.974530500456720716e+01
2.291376318018861369e+01
2.059143516496663295e+01
2.139259496652108794e+01
2.050503240308684383e+01
2.311451111269014191e+01
2.169829366772063395e+01
2.204419065873696937e+01
2.407540598121708442e+01
2.270690868224997061e+01
2.132518810460630121e+01
2.316120536655241580e+01
2.412926761668972730e+01
2.403057217077282814e+01
2.475156433232768549e+01
2.640696713605719026e+01
2.128952216510396056e+01
2.514068685392069824e+01
2.382985265601430669e+01
2.333622294244021589e+01
2.419807561172621746e+01
2.155670171580613825e+01
2.156062358874673635e+01
2.170520466610216204e+01
2.251466741973025876e+01
2.311835462630111948e+01
2.238466416539782600e+01
2.029685074172746795e+01
2.212393406290752296e+01
2.459338324310553858e+01
2.124730419064126252e+01
2.202861347017742233e+01
2.196939080701069358e+01
2.452363116195054360e+01
2.314843979871682222e+01
2.144071739455203129e+01
2.480889133861373708e+01
2.116338795949108942e+01
2.171060776082897803e+01
2.249706429364135829e+01
2.373981521230085079e+01
2.346482460136128267e+01
2.341112982004144172e+01
2.395499086780824882e+01
2.159398737396326595e+01
2.188764686410315008e+01
2.510773346507674830e+01
2.262130112388287628e+01
2.533013098045754319e+01
2.146014960993084486e+01
2.225446020911538980e+01
2.663478667665078348e+01
2.711874213136466238e+01
2.143831490841784770e+01
2.243688328364842022e+01
2.263209891697087173e+01
2.466616098300533366e+01
2.197302968055795347e+01
2.147014227479944637e+01
1.973969433176164046e+01
2.340167179414193299e+01
2.474620549279739024e+01
2.526093117714906455e+01
2.091280115209935531e+01
2.110470841013474441e+01
2.413242105249934966e+01
2.433367765684103290e+01
2.046816727673093084e+01
2.407381527210239014e+01
2.147170207738978576e+01
1.998017492677738716e+01
2.325668283749043397e+01
2.472442953271123756e+01
2.338330770121386948e+01
2.289794448269179128e+01
2.098521294986903030e+01
2.192482864751157123e+01
2.037186197866624582e+01
2.070703367907192316e+01
2.053268488858424234e+01
2.252421638082742206e+01
2.455080251200744001e+01
2.255179585720618718e+01
2.410009691362986217e+01
2.328590670903680504e+01
2.342048516876947772e+01
2.611184865758359308e+01
2.069133698683237910e+01
2.241520089645417002e+01
2.145074069274026485e+01
2.346950939887225474e+01
2.149753072111496266e+01
2.282741969294935558e+01
2.453702999596906409e+01
2.272530783334759263e+01
2.165577793819247177e+01
2.330250068986049428e+01
2.376260625944126659e+01
2.331663197615470651e+01
2.468005080220943270e+01
2.356346215579976899e+01
2.271614350564631479e+01
2.397321648901284519e+01
2.104621379460438391e+01
2.063208317910289935e+01
2.314320729581129754e+01
2.049871771426117206e+01
2.273872780570078689e+01
2.289341675672008591e+01
2.489850819137931026e+01
2.391324554172078010e+01
2.776569861051775590e+01
2.167334670996540780e+01
2.282257047886515622e+01
1.953629104553065687e+01
2.433914128740526195e+01
2.678739751655972867e+01
2.513644392592431132e+01
2.383975242648623194e+01
2.245337360934625792e+01
2.193241559772192062e+01
2.195748509470461585e+01
2.254832428596998994e+01
2.285166625479000047e+01
2.148748280723709314e+01
2.385607592010295974e+01
1.985490992294319668e+01
2.145662802891292031e+01
2.442346377599846008e+01
2.119070068133368778e+01
2.262908536481439370e+01
2.079150152029155763e+01
2.318876185664045053e+01
2.481154921972109406e+01
1.930426084442471435e+01
2.504146474943335932e+01
2.177811044186539036e+01
2.516137844700245552e+01
2.008275240299653674e+01
2.168736878075225505e+01
2.085258101042871459e+01
2.247801339973084467e+01
2.103252862469077300e+01
2.243759749681064974e+01
2.594093352995710688e+01
2.009170749490743546e+01
2.279665392263223822e+01
2.176443883017216052e+01
1.900450237087773431e+01
2.205360929424660199e+01
2.527823312570006564e+01
2.303982019217243149e+01
2.264712731358940090e+01
2.212645485530987344e+01
2.188970990793168525e+01
2.121979370762123907e+01
2.480480115818014042e+01
2.052010022888151397e+01
2.066477994985892153e+01
2.085183909309280637e+01
2.130823282127725804e+01
2.448270225497294916e+01
2.281800892242143419e+01
2.460191499904127710e+01
2.291585453664099603e+01
2.486137944844311320e+01
2.365660001695139414e+01
2.350509955760164260e+01
2.259293787245872664e+01
1.827806244843404215e+01
2.352951714990569343e+01
2.229411425023386073e+01
2.263331600049026449e+01
1.880619428384657255e+01
2.374851889407697669e+01
2.309216666715754940e+01
2.412653666420846577e+01
2.392948598712755626e+01
2.130931221238905593e+01
2.168061074053954584e+01
2.131645997503758494e+01
2.397804724453487069e+01
2.093195257208392235e+01
2.442324810476413077e+01
2.183163737011413374e+01
2.380997385807037503e+01
2.267387845719304096e+01
2.306537212956652638e+01
2.496434468473687218e+01
2.197374699227620809e+01
2.642834224104748486e+01
2.218823092749436654e+01
2.067502308850453829e+01
2.410279951570829837e+01
2.155602625095032820e+01
2.445391632153732431e+01
2.589779006172120290e+01
2.358667144165966079e+01
2.124103718872175861e+01
2.665270713589107388e+01
2.193774714449073215e+01
2.284941141494830319e+01
2.043928118473053601e+01
2.261908446550319240e+01
2.380814245322877909e+01
2.280798773569609494e+01
2.273328587554793145e+01
2.586896754634238960e+01
2.217369546421705095e+01
2.458957006280311219e+01
2.477552705699748969e+01
2.130193990393809145e+01
2.385044409863651893e+01
2.314330829839068926e+01
2.266408664872982115e+01
2.654058728478207385e+01
2.408720260438348504e+01
2.397892612658745293e+01
2.035197484777430077e+01
2.086968760207172835e+01
2.193597296845072364e+01
2.231690781020533620e+01
2.572199470052224513e+01
2.341827140359298198e+01
2.212651050551153631e+01
2.138186843009096449e+01
2.229219606476089766e+01
2.329014159254716176e+01
2.213454472855077526e+01
2.225185933429190399e+01
2.155032379705167500e+01
2.192538801210287858e+01
2.106552995857801847e+01
2.282005072273949864e+01
2.375724025129247252e+01
1.894499198077951263e+01
2.104145674454697712e+01
2.019926995880073406e+01
2.514042133946815838e+01
2.064148341540235165e+01
2.343260032854492891e+01
2.133354046932725723e+01
2.180431947548203908e+01
2.381648547134968297e+01
2.429993955118870375e+01
2.374343509867648905e+01
2.011167500820498333e+01
2.293417713125205282e+01
2.654972490282783326e+01
2.325759030616711343e+01
2.395031099347546899e+01
2.373091419933173540e+01
2.157867923935600984e+01
2.199377145954271029e+01
2.367194193564843374e+01
1.898307416522246882e+01
2.438956053034468141e+01
2.406378523373340528e+01
2.347892438822154304e+01
2.303921965092948909e+01
2.257719694804572441e+01
2.269037822547673855e+01
2.270176374368445238e+01
2.371916972314047456e+01
2.110001134510674348e+01
2.195012915544950616e+01
2.356528018211814768e+01
2.275657092066658649e+01
2.444157560731516554e+01
2.115429893809453077e+01
2.205365922078568985e+01
2.192538666599923403e+01
2.483399739450737798e+01
2.013732307681313927e+01
2.241258457952914540e+01
1.977450208973147028e+01
2.537982686193187476e+01
2.238718489821727786e+01
2.424171900620967435e+01
2.420339614902061243e+01
2.037867601129758555e+01
2.009041752542875514e+01
2.244755916802371587e+01
2.326133600559641934e+01
2.085919075083360852e+01
2.317114461170607953e+01
2.257826941887494243e+01
2.514424107860844870e+01
2.232999295758572345e+01
2.324996799041964479e+01
2.408880146791583599e+01
2.198327057808732121e+01
2.410014819695137334e+01
2.476144606835397965e+01
2.440221790186751960e+01
2.352277726222995469e+01
2.444291885222687100e+01
1.872498862934402197e+01
2.247850824204662601e+01
2.303579935008438540e+01
2.390851187064035699e+01
2.322625561730474075e+01
2.218298995588787292e+01
2.353570188400921737e+01
2.471884785669311313e+01
2.709145875617549493e+01
2.125640689749019430e+01
2.171127650282489796e+01
2.146565136571450694e+01
2.191086825859632370e+01
2.108912321386721089e+01
2.105096882971007943e+01
2.147262327492972389e+01
2.556814999715160752e+01
2.321481360210217915e+01
2.229736622887198294e+01
2.252086082031343750e+01
2.359032148242879501e+01
2.317146577395514484e+01
2.347450521112482846e+01
2.283104899580976266e+01
2.357671871146704490e+01
2.262094078597301561e+01
2.401726761514228059e+01
2.344673662404469994e+01
2.280917683352539527e+01
2.412996570600460089e+01
2.188527189256522831e+01
2.169158577614763672e+01
2.212480639764526558e+01
2.358876270386981489e+01
2.253940037834457044e+01
2.062973586521843217e+01
2.313100225557427336e+01
2.535359020866354030e+01
2.263329405559980856e+01
2.107889953190293397e+01
2.422348404709594050e+01
2.469412504294115607e+01
2.272441217490121446e+01
2.036500568065451588e+01
2.170540938756372995e+01
2.349571125578674824e+01
2.103946925453591987e+01
2.360927059243326553e+01
2.129264401071835877e+01
2.120308720861165597e+01
2.150594099648608903e+01
2.390205972290864267e+01
2.368082436774412258e+01
2.214867944144904754e+01
2.514995966386500115e+01
2.259691268465238068e+01
2.332442190142782223e+01
2.444188519814658989e+01
2.329833522930493217e+01
2.053940419748519730e+01
2.272145181142363057e+01
2.208934458430203307e+01
2.184581323397454611e+01
2.193609089448109017e+01
2.322899769568853401e+01
2.304310323001919869e+01
2.215035079728017209e+01
2.654528149466982967e+01
2.071849683902485140e+01
2.390557235427063532e+01
2.361764493886354899e+01
2.129518243930501953e+01
2.596510190312120514e+01
2.213615821174621345e+01
2.356331150963687904e+01
2.039240802812232189e+01
2.363105728704315922e+01
2.046972400240431256e+01
2.162772878152924960e+01
2.149919825113479277e+01
2.401772409687153953e+01
2.123718660474147413e+01
1.975857273317836516e+01
2.254681514355559813e+01
2.457913930561606364e+01
2.331970066024019062e+01
2.344510341576539503e+01
2.229346615099351681e+01
2.203677384358079649e+01
2.354490710096130002e+01
2.229512569111292919e+01
2.288181940901767675e+01
2.456606975742394638e+01
2.104947561338588713e+01
2.109677529466108581e+01
2.135417195048393424e+01
2.357067009318621587e+01
2.053570050337663133e+01
2.323808975081575312e+01
2.117565406818983575e+01
2.565904055241542991e+01
2.497102511206784570e+01
2.158608045588143298e+01
2.210479315458192673e+01
2.309780732878633458e+01
2.324709090309340809e+01
2.229328357742300781e+01
2.343395321958261945e+01
2.255403645493334608e+01
2.353464094472958124e+01
2.242587554168271069e+01
2.254088342376682874e+01
2.280077710851694306e+01
2.662930904026224965e+01
2.508454979053881218e+01
2.338524776589609289e+01
1.974819469475367839e+01
2.328741129299868717e+01
2.062149262139620376e+01
2.627616470247816949e+01
2.141717079560707759e+01
2.455437898326104929e+01
2.128576875954997405e+01
2.465353894855028116e+01
2.154341199037636301e+01
2.202306737219794286e+01
2.159048069891354160e+01
2.112165118658445451e+01
2.405629245944308181e+01
2.633246027956682767e+01
2.317471938505393680e+01
2.479803862751291277e+01
2.133256626090794228e+01
2.171242386768413013e+01
2.128790522786657036e+01
2.176978936144444532e+01
2.076557440305730395e+01
2.251008432427425632e+01
