2.488382212132865590e+01
2.650586346585438591e+01
2.422102791133281130e+01
2.512281245484928149e+01
2.121416959924486534e+01
2.327564893001360602e+01
2.339811841605111553e+01
2.570014907208657462e+01
2.272850503818088441e+01
2.084444251545220084e+01
2.258359139240500468e+01
2.393853292704686098e+01
2.528206330030454296e+01
2.392628711941527797e+01
2.369138818729073037e+01
2.113714030338361738e+01
2.341077415358293123e+01
2.675821766163059223e+01
2.386955886444246744e+01
2.253897313676413106e+01
2.083556112219804390e+01
2.342006740317385294e+01
2.553085889582018808e+01
2.182174442376629742e+01
2.115678212750690790e+01
2.088907342399842904e+01
2.364144674173528671e+01
2.514928395594861144e+01
2.564011808819439509e+01
2.377107695174628432e+01
2.431386422095318167e+01
2.322677494146413579e+01
2.232207321401153521e+01
2.290296205248903760e+01
2.419882069056232510e+01
2.125711468124499248e+01
2.422616690804128226e+01
2.336617114896965930e+01
2.423261146695224610e+01
2.357458696956746991e+01
2.071280843057287768e+01
2.378308636647765795e+01
2.413395372960547647e+01
2.420965222707340558e+01
2.477937794576261865e+01
2.306404687583289359e+01
2.462559877264609298e+01
2.235889590629108881e+01
2.516539731608619945e+01
2.016804690659952115e+01
2.284724577581658878e+01
2.365354061385339790e+01
2.352899352540305244e+01
2.094913223471204589e+01
2.110036845696625107e+01
2.209620311456303909e+01
2.274276403617538733e+01
2.586009707938466917e+01
2.395598793718006903e+01
2.221906997698875585e+01
2.515258293113227239e+01
2.286820712189396687e+01
2.298289851767592751e+01
2.042762188438940285e+01
2.482444701178206969e+01
2.028541988190553980e+01
2.458259882044931643e+01
2.245987897318438797e+01
2.169337305971412988e+01
2.133679266264002550e+01
2.163531170580245444e+01
2.374177734140028662e+01
2.114420003172124041e+01
2.213406702397490378e+01
2.385197247901511730e+01
2.075801599602855063e+01
2.193415533481293878e+01
2.548150488376107958e+01
2.291212155686190499e+01
2.305795318389795767e+01
2.458023532758517504e+01
2.367971721572971333e+01
2.054797641332098479e+01
2.477654956952256171e+01
2.423711668532456898e+01
2.193307346686724202e+01
2.203802764216954557e+01
2.249268659892215538e+01
1.929729708091193885e+01
2.169483225134651150e+01
2.345783189918868672e+01
2.148209488571436410e+01
2.252473078119459515e+01
2.372371427990355741e+01
1.943004231460648157e+01
2.377868508664820979e+01
2.227535522681404956e+01
2.369134512899743683e+01
2.181273915177536793e+01
2.229733567727930321e+01
2.127908184278239645e+01
2.499389131869937586e+01
1.937854246757878940e+01
2.521117842826220468e+01
2.084385232844007874e+01
1.740192640838586158e+01
1.917350603540879561e+01
2.417168077993810016e+01
2.079668511059476543e+01
2.589712257043927579e+01
2.369241500601077988e+01
2.340554867707419362e+01
2.165468033303795892e+01
2.076743058865716307e+01
2.210077427085169788e+01
2.374065259034634678e+01
2.327112696918413093e+01
2.332855333596676672e+01
2.222945737567203395e+01
2.533567667037351612e+01
2.441476109800027317e+01
2.011792106526118573e+01
2.140529134033020142e+01
2.192771299731929702e+01
2.222463600818126395e+01
2.816650079456359279e+01
2.147238327065081265e+01
2.263458967347974848e+01
2.554195971208055838e+01
2.125944163463555014e+01
2.236134024995839553e+01
2.102002763111142514e+01
2.086149201563941347e+01
2.300422384794410391e+01
2.406088691844920291e+01
2.342115423775353733e+01
2.301401028693238260e+01
2.078896114839190545e+01
2.203283756874314037e+01
2.366178036855470879e+01
2.317424338581978915e+01
2.170722550452039812e+01
2.186127498894348875e+01
2.053594141234265180e+01
2.193835601733816887e+01
2.205485834966406955e+01
2.279485350672151966e+01
2.201505876177593279e+01
2.388079718341880664e+01
2.258160265280334045e+01
2.591492329867229216e+01
2.328277512425547968e+01
2.160878920178529583e+01
2.247835800142623341e+01
2.266215550959352854e+01
2.502317428566555080e+01
2.229569960676984763e+01
2.382646975902299857e+01
2.526505579263827528e+01
2.308718865431955081e+01
2.719272007341822217e+01
2.488730987207497591e+01
2.186819783402455997e+01
2.152516933163635571e+01
2.022711174156166081e+01
2.464495617270119965e+01
2.061432319980867689e+01
2.192284309716322355e+01
2.280928818170497152e+01
2.244199159348689321e+01
2.196421431662092516e+01
2.013336533512689641e+01
2.509018073915959945e+01
2.156612948077462022e+01
2.289923870902491387e+01
2.423000737963549156e+01
2.213347999824991064e+01
2.639549318074892170e+01
2.301983022009937585e+01
2.295261331813198780e+01
2.209047174289566584e+01
2.297136029885625419e+01
2.240812695158196988e+01
2.188320882013562851e+01
1.973019379738213885e+01
2.079809403000828638e+01
2.235959488887761992e+01
2.267965537426330513e+01
2.489627047401148729e+01
2.420738957566410932e+01
2.201103498344129861e+01
2.453675355386959112e+01
2.236972902062137436e+01
2.551269128111768936e+01
2.353998152194434468e+01
2.195352688797256846e+01
2.311108344984079466e+01
2.548656611746893219e+01
2.280544184560135079e+01
2.418354169181094093e+01
2.500422513307145778e+01
2.572070197516155332e+01
2.169135504238258960e+01
2.187045534843087680e+01
2.560015463260714341e+01
2.376867490127375149e+01
2.438544260014460008e+01
2.543326076679020176e+01
2.272425134029290206e+01
2.087802644297600096e+01
2.076595020966852090e+01
2.558797035646078655e+01
2.325744884976150217e+01
2.286592995415420759e+01
2.116128581911665663e+01
2.334549365076175675e+01
2.386737041971890250e+01
2.556439851879920511e+01
2.367428617791514966e+01
2.501228869368220487e+01
2.188313433805646468e+01
2.261753603931989076e+01
2.273467602697611767e+01
2.185146504936055223e+01
2.154780028992901109e+01
2.204317362115381584e+01
2.227477222583048189e+01
2.080611711344956305e+01
2.159877011903486377e+01
2.315789007716189829e+01
2.167319582412898882e+01
2.288609273369198505e+01
2.485053049369700418e+01
2.343111182424106786e+01
2.140452953005130965e+01
2.261767748348004048e+01
2.123298727217177628e+01
2.209771068738499622e+01
2.504654675111126849e+01
2.214085051111002400e+01
2.487008107105517496e+01
2.282605831871277147e+01
2.146532064900016934e+01
2.213365092507995158e+01
2.631582320183538926e+01
2.332768606359168828e+01
2.106255624731300102e+01
2.179621443642081857e+01
2.202779184514517397e+01
2.057036595016421643e+01
2.317637806718285631e+01
2.430250460110306321e+01
2.174592742630083109e+01
2.040051119552403236e+01
2.256162667499936703e+01
2.537246193701463426e+01
2.293418549682237639e+01
2.371967823921673713e+01
2.127542741815976512e+01
2.311809259439664999e+01
2.041091387203903551e+01
2.280479574886780014e+01
2.370239884385247819e+01
2.345227268531347775e+01
2.299947541474131540e+01
2.123882942855600575e+01
2.181319020738622783e+01
2.178780350718546188e+01
2.362160047939886809e+01
2.176455079709840490e+01
2.240435125016773554e+01
2.238161956248326234e+01
2.470289642993468249e+01
1.927586355236568494e+01
2.368035217115236790e+01
2.264523754451703041e+01
2.189433272476899006e+01
2.254021850885403211e+01
2.163865070880277841e+01
2.225787752771325501e+01
2.571839242098647205e+01
2.384937126097941373e+01
2.270259475514846059e+01
2.439311705397585683e+01
2.207588233193220262e+01
2.379453688045297710e+01
2.403130814471279209e+01
2.347256103092473722e+01
2.300657195216698625e+01
2.707851939873648561e+01
2.289275303680686591e+01
2.316445723387339584e+01
2.660552296239976755e+01
2.190226650004813891e+01
2.518505824096555656e+01
2.270242063305354208e+01
2.184768554300472232e+01
2.419965786774099215e+01
2.481542532789037381e+01
2.349400244274455574e+01
2.349286043580831418e+01
2.156738169819991313e+01
2.158320698125889336e+01
1.990722915634851731e+01
2.464096425968536508e+01
2.174673112653167095e+01
2.266150941148025666e+01
2.796481986502539741e+01
2.137606729114359183e+01
1.893950386089984050e+01
1.933259111440586508e+01
2.200172475586724730e+01
2.527391233270757098e+01
2.191521726475024678e+01
2.341953492915442681e+01
2.344736422586260716e+01
2.701351317661859497e+01
2.495015370741839433e+01
2.218137765986671184e+01
1.735842513386517894e+01
2.678504855107944138e+01
2.647505246366694109e+01
2.461318288344009630e+01
2.410710365909122288e+01
2.127424771574689544e+01
2.185797697580866483e+01
2.151857215387281741e+01
2.420459950200843835e+01
2.183369283530636906e+01
2.122542909422417878e+01
2.311243409062165810e+01
1.933758920520637759e+01
2.427257108318139700e+01
2.056791722196953387e+01
2.523348438256832438e+01
2.552295069228141244e+01
2.617951854246176424e+01
2.408746434241348311e+01
2.487687008655328569e+01
2.284253264056672350e+01
2.432945937135339065e+01
2.470316652659476730e+01
2.054619542397522736e+01
2.419051957789593743e+01
2.416708672115803225e+01
2.101608518049628316e+01
2.387176677581458506e+01
2.120216277533434734e+01
2.264777221162329468e+01
2.290699318133572504e+01
2.353668437624141063e+01
2.403484454623042765e+01
2.540924361053120251e+01
2.374975435545787406e+01
2.094252467907402604e+01
2.232906083059220492e+01
2.449680801609348180e+01
2.417849043331287717e+01
2.010063573285160388e+01
2.421556499998273537e+01
2.532472518634994429e+01
2.279833174291115938e+01
1.830615537280665706e+01
2.492893249506174413e+01
2.443141466975320952e+01
2.357671706350218344e+01
2.519303409703384844e+01
2.296641913911793509e+01
2.008787612274848300e+01
2.249651240211306558e+01
2.072461543761304270e+01
2.682431241826653689e+01
2.249067186746931668e+01
2.112726881604957185e+01
2.211014412947487884e+01
2.197475228772428935e+01
1.996739236997625611e+01
2.085430764407445992e+01
2.245928517191369167e+01
2.401615202716171282e+01
1.989182126601833289e+01
2.474674002426570496e+01
2.575088673642738968e+01
2.325813795694955033e+01
2.330371513765433633e+01
1.991794559477237669e+01
2.486680554023291734e+01
2.479817993155482014e+01
2.348828593621726313e+01
2.214493516796642680e+01
2.572541251481746727e+01
2.088417141710282365e+01
2.352636931880021010e+01
2.504839836851310508e+01
2.437555199840626585e+01
2.294330329861895734e+01
2.192989512372259142e+01
2.352815831136656044e+01
1.992294535030638869e+01
2.371339160659294620e+01
2.612593619166084125e+01
2.228253536188272577e+01
2.191057574501787997e+01
2.154386139242602027e+01
2.230791681770325852e+01
2.282391433160912442e+01
2.230691229849670876e+01
2.365222532749197626e+01
2.141014892527164903e+01
2.017015353274081235e+01
2.237363567178000778e+01
2.255619881421706197e+01
2.346922473426237232e+01
2.254927766930616428e+01
2.219751084631164417e+01
2.124388437526783235e+01
2.106032223469276943e+01
2.273036310571351137e+01
2.330094923442801402e+01
2.418536074403623815e+01
2.554856956867927664e+01
2.160155946765157253e+01
2.017230947531481533e+01
2.191093968547709991e+01
2.365400463528049713e+01
2.038368222508274030e+01
2.073702292530083113e+01
2.241132536584884960e+01
2.186878337766089331e+01
2.597376421749464370e+01
2.154825114674710207e+01
2.270514186117436495e+01
2.597325732526806519e+01
2.490646197216883095e+01
2.161235182197356863e+01
2.274326619467058208e+01
2.146451972788191753e+01
2.386748709595959639e+01
2.049348053543357295e+01
2.090956279560070286e+01
2.332701002272244395e+01
2.173913048115205982e+01
2.163431524464786904e+01
2.109992145282847176e+01
2.285837214230239312e+01
2.372633214433068360e+01
2.645798454931397004e+01
2.121666621876279279e+01
2.152369470014801323e+01
2.119156595591515213e+01
2.608955566292613781e+01
2.570119651667791771e+01
2.433439900259781297e+01
2.189659679059264619e+01
2.213516524769872262e+01
2.356967015393350451e+01
2.250916021164028180e+01
2.314719685381373537e+01
2.185619211779061288e+01
2.026761313224978878e+01
2.286991127767008791e+01
2.111564065072100860e+01
2.432791501849575155e+01
2.495752703102073511e+01
2.435028119366845090e+01
2.261606782045754116e+01
2.179419087326994031e+01
2.514105548536575441e+01
2.296740303222713564e+01
2.555475266272362234e+01
2.183564315889392660e+01
2.438248611076597783e+01
2.234810033539820395e+01
2.582785962990437412e+01
2.722095508016174747e+01
2.247223853618374179e+01
2.487282452533913002e+01
2.560997721233364643e+01
2.264930221939269472e+01
2.188986407764645747e+01
2.276902954773346011e+01
2.366510570528713941e+01
2.114552362916145611e+01
2.331908274506632495e+01
2.357041588180670644e+01
2.267078861320697669e+01
1.860980117470409212e+01
2.482281337174643099e+01
2.519086607602215366e+01
2.087612508258006017e+01
2.309012893682671574e+01
2.399588916390466764e+01
2.249047471524344388e+01
2.492020230529534430e+01
2.259169940455946701e+01
1.897707336436350545e+01
2.506475350961542503e+01
2.368843546774991893e+01
2.316470363024500756e+01
2.044643719972985707e+01
2.250618803177167138e+01
2.288665052311240800e+01
2.116771039924167752e+01
2.343452451827057459e+01
2.419981932668304125e+01
2.394351775795778536e+01
2.252526737315177741e+01
2.274824841940487730e+01
2.425355660798156521e+01
2.216712314971332631e+01
2.158198479576070383e+01
2.296288754964519185e+01
2.244601461271623322e+01
2.050088784165969358e+01
2.135639140179531026e+01
2.180517728110791609e+01
2.149920755575617903e+01
2.331275399785758395e+01
2.029628178369667424e+01
2.378276923023623368e+01
2.640346514036509262e+01
2.170234327892151427e+01
2.272182571190925060e+01
2.480619023777980559e+01
2.145144596144646343e+01
2.297579514274195844e+01
2.384007977303630454e+01
2.299171996365228310e+01
2.109918589039787307e+01
2.468595650832382304e+01
2.104539629703228343e+01
2.266991728420220298e+01
2.398466355397387417e+01
2.282976985515881907e+01
2.239384206869449301e+01
2.193182811882896033e+01
2.312865352060734736e+01
2.544308577311554842e+01
2.526631240167433390e+01
2.299894356792599126e+01
2.117001575737747743e+01
2.358720182008766031e+01
2.105123813860551252e+01
2.392819575466999638e+01
2.169806781956734199e+01
2.122406673168143953e+01
2.188756484069260466e+01
2.139630735820933438e+01
2.190945521867051227e+01
2.226345047750674055e+01
2.329445271694044806e+01
2.492511714740732387e+01
2.074049193590622053e+01
2.056708561236612454e+01
2.498651311852831114e+01
2.149663182711444875e+01
2.477830874646009107e+01
2.233659104841827769e+01
2.159542336022368758e+01
2.272301416265408136e+01
2.182983939789298944e+01
2.101495744141621813e+01
2.748540283689259311e+01
2.166087402978832799e+01
2.281905539865632093e+01
1.984711584000317686e+01
2.315253497418084550e+01
2.082106144847378459e+01
2.162129417908743179e+01
2.058684389198263887e+01
2.313081799113098924e+01
2.182787211594440535e+01
2.214756306693591270e+01
2.420550906342323572e+01
2.285798193206754902e+01
2.156250406698245570e+01
2.308645322797271504e+01
2.452694367253375773e+01
2.420650103740111092e+01
2.468926282717790954e+01
2.665797049079159819e+01
2.132830904735038402e+01
2.542108301621772171e+01
2.379442384706467806e+01
2.330218625949821387e+01
2.438565617950951392e+01
2.160720950556120457e+01
2.164200869497823376e+01
2.194587784802370578e+01
2.272783296526428742e+01
2.307756142341463956e+01
2.277098659308415662e+01
2.041933720174822042e+01
2.227937258529739495e+01
2.473172387995909816e+01
2.110646219391161438e+01
2.212417213476924616e+01
2.218387974997597212e+01
2.456532540680425925e+01
2.325072216612859677e+01
2.174500281192366913e+01
2.500399437390704804e+01
2.098985702205821724e+01
2.194084247160757428e+01
2.259322186807146338e+01
2.374859841008145978e+01
2.371302201026370682e+01
2.387133606977943501e+01
2.440488699453628385e+01
2.183446247647019334e+01
2.204346975908588036e+01
2.522160562125187155e+01
2.254000295001748455e+01
2.551882616555291250e+01
2.171983262662016401e+01
2.243734217861481639e+01
2.679439733466021067e+01
2.709254795053180942e+01
2.182693128743538580e+01
2.265589185122802718e+01
2.264603114141065632e+01
2.475637714468163608e+01
2.223340584486183147e+01
2.134341757619772650e+01
1.991824433548877948e+01
2.359239422368773731e+01
2.480313316994357109e+01
2.537441245287226010e+01
2.116923748196194666e+01
2.122894475975640205e+01
2.443313229821041688e+01
2.474610968375066378e+01
2.046749791580878153e+01
2.413737313937154383e+01
2.177201441542449345e+01
2.036042566581818747e+01
2.341321431245324192e+01
2.513957985214327095e+01
2.365056748656412466e+01
2.308320311056632690e+01
2.115923904996337157e+01
2.194723188942036529e+01
2.037436267161520576e+01
2.089878603587898809e+01
2.041173820159543340e+01
2.274601571820752355e+01
2.464433999562933053e+01
2.295147383883724856e+01
2.436914010438255929e+01
2.325152889453013216e+01
2.361224348695058239e+01
2.637155647834940808e+01
2.073634158697010932e+01
2.248135751994758635e+01
2.152826674497700665e+01
2.391912602035096569e+01
2.144557580551677134e+01
2.308060625025751733e+01
2.460150632136427973e+01
2.307464350328194769e+01
2.195444396001616383e+01
2.331290686226452280e+01
2.420735848785379574e+01
2.344079685391186985e+01
2.471681405296797962e+01
2.375670279650221772e+01
2.278330291453558587e+01
2.392684153958401438e+01
2.121360322015581090e+01
2.067270487139585100e+01
2.319016023549157524e+01
2.069468068751887202e+01
2.281801873922012902e+01
2.296139802375039807e+01
2.495374556454505210e+01
2.384934103333736388e+01
2.792598387795180059e+01
2.189125277740037134e+01
2.301525659988756445e+01
1.973484548965388896e+01
2.442356246650967933e+01
2.704723841347014002e+01
2.516779630716071026e+01
2.427920966935245417e+01
2.249644889313868035e+01
2.216072840258515342e+01
2.230620537560523431e+01
2.267555872799693262e+01
2.294129875405631225e+01
2.161376900222508723e+01
2.398454937974706169e+01
1.986631396529017124e+01
2.179707618867358576e+01
2.452922177919039726e+01
2.166925452305334332e+01
2.278756388742882422e+01
2.092451488986737473e+01
2.346465747560830906e+01
2.494093191079006289e+01
1.966343482802495402e+01
2.509364531388863995e+01
2.172341778547857061e+01
2.542011527056536480e+01
2.015281043898550450e+01
2.187940494637496869e+01
2.078646584657039753e+01
2.246631728527235694e+01
2.109855247531787725e+01
2.253969344706667144e+01
2.588513644088484256e+01
2.014247402551796284e+01
2.299482945062271355e+01
2.183635363436094678e+01
1.913987440921953009e+01
2.207119858887940111e+01
2.563730498900574872e+01
2.309065792788372917e+01
2.288465051265688999e+01
2.227559922591710873e+01
2.183588554985490759e+01
2.127567564627124597e+01
2.498479630780030547e+01
2.049946594344709894e+01
2.079482927791742597e+01
2.089078263737697938e+01
2.144394031876836237e+01
2.448760097151970427e+01
2.302615390404817219e+01
2.452009668468413750e+01
2.308270703611527352e+01
2.513364538334414888e+01
2.378053555202714975e+01
2.357628854202930313e+01
2.270610707299035624e+01
1.840814418834187549e+01
2.386152052583888761e+01
2.220563427116421451e+01
2.273451594510138207e+01
1.864455372810943246e+01
2.384575337979760334e+01
2.348602512307530432e+01
2.430081774265086025e+01
2.401522185991347413e+01
2.154486273367496096e+01
2.203390435283623461e+01
2.171391375740909879e+01
2.420501494876128135e+01
2.108277456349365764e+01
2.467452142191990916e+01
2.213731029801167693e+01
2.383707825961221261e+01
2.295718542450700994e+01
2.335935419510960287e+01
2.525522499580253921e+01
2.236503272445824209e+01
2.677043657901938545e+01
2.230058231716968820e+01
2.091082852616226617e+01
2.405316360539616483e+01
2.154754899587560857e+01
2.471004366940888985e+01
2.612511134425922066e+01
2.374213117293623654e+01
2.133225060837069975e+01
2.650370520429272148e+01
2.196716494382118867e+01
2.311319149628321412e+01
2.055673497230257141e+01
2.257221077725029446e+01
2.401129315753549420e+01
2.270570789871603878e+01
2.299247047126493726e+01
2.591990170144364214e+01
2.229566920897703142e+01
2.472449701625509988e+01
2.506897619014368672e+01
2.147135328774723462e+01
2.383132043412109269e+01
2.318717556134232183e+01
2.255571122898317427e+01
2.681235271938102471e+01
2.421290569154005468e+01
2.404005950468830122e+01
2.020661971672826240e+01
2.096864689087212241e+01
2.212466654586580006e+01
2.268763525043200247e+01
2.583940214715510564e+01
2.343852698124549505e+01
2.232294810601774415e+01
2.171268581003741005e+01
2.260767166067136813e+01
2.352946913205149926e+01
2.234763135767040154e+01
2.256716583691512668e+01
2.172010350546174351e+01
2.223473883139902441e+01
2.146225203087075073e+01
2.273471416891873886e+01
2.392666261464140476e+01
1.918580744233321411e+01
2.141257394926213919e+01
2.034749432254466939e+01
2.530859238537794909e+01
2.094851893564401735e+01
2.355166615240223749e+01
2.144086965714829418e+01
2.221173152914405691e+01
2.399674601906132310e+01
2.443321441218211731e+01
2.396790586013667834e+01
2.039556390320793966e+01
2.306804332098779042e+01
2.665968814388862640e+01
2.350400464544270918e+01
2.412313265269145290e+01
2.395375660536708651e+01
2.154275520885262196e+01
2.241993927426458555e+01
2.364393678350350214e+01
1.898499825271643715e+01
2.442110127717778312e+01
2.419434604846411219e+01
2.357582749982426407e+01
2.328810552191866989e+01
2.292964522267288885e+01
2.258413525890041029e+01
2.259537062681523167e+01
2.398734266778556901e+01
2.131588082502814174e+01
2.208446958234141633e+01
2.355025777931620823e+01
2.318380616065542199e+01
2.471206479602069095e+01
2.121275922790893631e+01
2.193625054972552491e+01
2.229068095731251020e+01
2.505467565794981510e+01
2.034250050802841514e+01
2.267679228784021817e+01
1.993633483338756562e+01
2.551975974404954073e+01
2.237825856402317726e+01
2.430238814408981440e+01
2.413952395268636764e+01
2.061981566809954813e+01
2.009440114239893305e+01
2.266285350372671914e+01
2.322558162100793311e+01
2.118447902958982354e+01
2.329557536297046738e+01
2.274673217020502136e+01
2.506470435106677996e+01
2.245461699680018697e+01
2.322888765028281810e+01
2.416390200666821286e+01
2.250106047214207905e+01
2.407006801998739220e+01
2.506479154779009733e+01
2.454596587689494669e+01
2.352814031733174716e+01
2.472311964426875264e+01
1.888491180175573447e+01
2.270951313948617667e+01
2.301560555384888218e+01
2.390994274633810690e+01
2.347979403186745984e+01
2.220812509975573334e+01
2.361169779076637809e+01
2.477835060439528903e+01
2.701405515876484031e+01
2.150435660244796310e+01
2.178669141310684410e+01
2.160090054613940325e+01
2.188492188400903871e+01
2.107832925686831516e+01
2.129565707018027965e+01
2.147225251195742501e+01
2.588896869893023478e+01
2.335626749401266622e+01
2.270063867349518105e+01
2.267474739994731081e+01
2.393504928257711128e+01
2.318623033906102648e+01
2.361331713447090053e+01
2.305068267443472507e+01
2.342066897451909568e+01
2.265203628467645203e+01
2.417503172588103055e+01
2.330405425209856318e+01
2.290723016773150889e+01
2.435179459330595719e+01
2.182625384202404817e+01
2.159730748514125054e+01
2.243646892745533350e+01
2.378270722726680120e+01
2.281178511314239188e+01
2.065646122437269483e+01
2.339734061068444149e+01
2.572825807772048634e+01
2.296061035268309780e+01
2.116341044668143212e+01
2.453393737734497648e+01
2.483425555324000555e+01
2.258476972828088236e+01
2.034724021255426507e+01
2.195475293226121138e+01
2.379655298415273279e+01
2.102912028153186696e+01
2.361262802385801152e+01
2.145253250646117493e+01
2.149490239312774875e+01
2.164860024876550071e+01
2.401103810567049379e+01
2.384956358403860222e+01
2.233942943253848767e+01
2.520584664010819509e+01
2.305663350236127940e+01
2.368146499375558278e+01
2.477479671004985562e+01
2.345272479381766573e+01
2.075361240529261408e+01
2.278698878709658615e+01
2.225766156037867916e+01
2.205911188765323416e+01
2.199027106467477211e+01
2.331775907338417042e+01
2.329536586763410000e+01
2.236779455760252944e+01
2.684392251025386500e+01
2.057144362891916956e+01
2.403707258647852996e+01
2.361013639181592794e+01
2.128619106383793280e+01
2.610121976779321784e+01
2.216401287535527587e+01
2.390965968072239178e+01
2.033361507581838978e+01
2.368971107526058972e+01
2.051645086548185049e+01
2.184680757304992227e+01
2.166586723698439698e+01
2.417310966251467619e+01
2.142430266417150975e+01
1.970766752502101227e+01
2.269018609733177527e+01
2.477296910909754146e+01
2.329089390732861631e+01
2.334523157070098165e+01
2.244414317829903283e+01
2.214987943982064422e+01
2.369169735637359508e+01
2.240630254848925418e+01
2.307792385186991879e+01
2.463537801163064600e+01
2.111563890907310181e+01
2.111840716847346755e+01
2.165618453548956523e+01
2.334395150355449999e+01
2.089255221096279413e+01
2.324169695079412534e+01
2.106104031427213741e+01
2.590814939725258981e+01
2.509228436638647253e+01
2.191620244028322162e+01
2.252651223617584364e+01
2.314581786135859787e+01
2.326443926340518331e+01
2.220017679882171180e+01
2.363056191025007990e+01
2.264870473629587977e+01
2.359994953573604093e+01
2.269209011783881635e+01
2.286308261982846801e+01
2.295833601817468050e+01
2.682333831418564429e+01
2.519883170309430298e+01
2.351132236761979399e+01
2.008598523255644608e+01
2.358995881013775886e+01
2.071052365086807967e+01
2.636140939096621594e+01
2.158695001814566439e+01
2.465024305714352337e+01
2.180654834808220599e+01
2.491949597571291264e+01
2.187490314096714883e+01
2.197788146919783969e+01
2.176664789758175189e+01
2.124485469291876782e+01
2.426999838910072427e+01
2.650083796673541059e+01
2.339251939584476503e+01
2.477656689469378293e+01
2.134782248849430175e+01
2.195406847928012084e+01
2.157268011586996082e+01
2.186853094647440798e+01
2.082523749459337736e+01
2.257840262244813800e+01
